Timeslot;Thread Id;Disks;Grids;Points;Grid Contention;Disk Contention;Disks Final;Grid Time;Disk Time
0;0;488870;125;17220;3;2139;38;11051;11049
0;1;432288;121;18118;2;3174;53;11207;11205
0;2;397680;101;13007;29;2254;34;11763;11762
0;3;403911;110;16493;4;4150;40;12324;12322
0;4;406274;103;13642;2;3112;34;11456;11455
0;5;442582;100;15372;10;2772;43;11857;11855
0;6;243107;133;19358;2;5505;47;11020;11019
0;7;396612;141;18691;20;4006;46;11737;11737
0;8;386089;136;16684;13;3167;37;11774;11773
0;9;446956;135;18313;14;2744;40;12091;12090
1;0;198334;60;8914;9;2490;35;6372;6372
1;1;263582;121;15398;12;2021;47;6424;6427
1;2;259858;108;13078;8;1752;51;6631;6635
1;3;223439;123;16300;2;2359;40;6442;6441
1;4;205510;133;15824;3;2352;45;6245;6244
1;5;244072;112;13805;8;2450;41;6632;6632
1;6;220994;131;15206;6;2626;47;6260;6259
1;7;300410;106;14366;2;1542;47;6472;6471
1;8;285078;86;11377;27;1415;41;6370;6370
1;9;283779;129;17180;2;1771;51;6312;6312
2;0;146417;92;9376;6;626;44;2728;2727
2;1;142788;83;9560;7;753;45;2730;2730
2;2;68576;69;7771;7;1171;39;2761;2761
2;3;90043;82;8816;3;1401;33;2740;2740
2;4;133185;140;14412;16;749;55;2735;2734
2;5;112603;98;8425;17;947;31;2757;2756
2;6;105075;127;12321;1;1206;35;2801;2800
2;7;97097;140;12603;13;1155;46;2735;2735
2;8;140624;115;11481;14;677;49;2726;2726
2;9;93592;116;11456;8;1160;27;2762;2761
3;0;104394;62;5034;3;554;30;2118;2131
3;1;104913;78;6537;3;490;33;2075;2080
3;2;107529;84;6871;5;615;45;2083;2089
3;3;113790;97;8472;3;301;42;2037;2036
3;4;63033;122;8970;18;818;32;2037;2036
3;5;89368;91;8187;30;557;37;2051;2050
3;6;120248;91;7366;2;391;35;2110;2115
3;7;101938;137;10058;2;570;44;2058;2057
3;8;105685;152;12799;8;522;49;2035;2034
3;9;79247;83;6075;2;419;32;2037;2037
4;0;80480;112;7582;4;128;43;1184;1184
4;1;40754;64;4060;10;315;24;1190;1189
4;2;74936;105;6961;5;214;47;1171;1171
4;3;78619;69;4759;4;194;37;1211;1214
4;4;78027;158;10225;5;196;54;1196;1204
4;5;55239;85;4502;12;176;25;1234;1234
4;6;75402;104;6634;18;160;42;1232;1231
4;7;73593;84;6328;12;197;49;1173;1173
4;8;48388;80;5145;8;222;34;1191;1193
4;9;43742;44;2717;24;272;22;1185;1185
5;0;22975;88;4684;4;201;31;582;579
5;1;25345;91;4294;2;190;43;591;602
5;2;35630;126;6756;2;97;47;578;575
5;3;35423;84;4739;2;130;33;581;578
5;4;44820;85;4323;1;97;37;630;653
5;5;40853;79;4254;1;96;35;579;580
5;6;28665;47;2578;8;175;31;612;614
5;7;41046;77;4843;0;105;42;592;596
5;8;19694;114;5705;1;281;38;575;574
5;9;28561;67;3141;14;167;28;597;596
6;0;11631;46;2254;13;157;25;309;308
6;1;20958;98;4680;6;68;44;299;298
6;2;13917;52;2382;13;84;34;304;303
6;3;16261;93;4255;9;109;28;303;302
6;4;19012;92;4164;6;76;39;308;307
6;5;15344;87;3866;3;111;29;304;303
6;6;17381;85;3457;14;132;35;299;299
6;7;14405;80;3582;5;88;34;302;301
6;8;20805;101;4436;1;47;39;301;300
6;9;17294;83;4067;21;93;36;305;305
7;0;5806;65;2443;7;94;18;168;167
7;1;7144;50;1999;3;83;19;168;167
7;2;8652;130;4336;2;68;28;167;165
7;3;9456;54;2487;7;61;19;167;166
7;4;5215;87;3764;2;104;17;163;163
7;5;8302;51;2031;13;29;25;164;163
7;6;5202;86;3158;1;95;21;172;171
7;7;11589;92;3429;0;51;29;165;163
7;8;13325;101;3806;1;65;31;168;167
7;9;10194;40;1952;16;76;20;170;170
8;0;6176;57;2163;0;53;18;90;88
8;1;3519;62;2248;9;65;11;93;91
8;2;3236;50;1757;2;70;7;93;93
8;3;3984;101;3274;9;49;14;92;92
8;4;3769;61;2435;7;51;11;94;93
8;5;5040;118;4121;0;48;15;89;89
8;6;6410;52;2007;9;44;19;90;90
8;7;5118;70;2000;17;46;11;90;90
8;8;2747;51;1727;11;71;10;89;88
8;9;5801;90;3137;3;37;13;88;87
9;0;4517;75;2823;1;54;8;87;86
9;1;2464;83;2497;8;44;13;82;81
9;2;2245;78;2498;4;45;5;82;81
9;3;7453;72;2689;1;33;16;83;82
9;4;1577;60;1956;8;56;6;80;80
9;5;3723;57;1870;4;36;12;80;80
9;6;5046;92;3318;1;33;15;81;81
9;7;3293;35;1032;10;37;9;80;79
9;8;4727;68;2633;0;45;8;80;80
9;9;1141;45;1752;18;65;5;80;80
10;0;2212;51;1704;7;29;6;57;56
10;1;1373;91;2519;2;35;10;55;55
10;2;1885;83;2438;1;36;11;56;55
10;3;2863;74;2476;1;34;6;56;55
10;4;2287;102;3358;1;40;7;60;59
10;5;1284;20;835;6;40;6;55;55
10;6;2760;75;2505;3;27;11;56;55
10;7;271;70;2415;0;49;2;53;52
10;8;2119;44;1714;2;35;9;54;54
10;9;1591;68;1687;9;28;8;55;54
11;0;2221;71;2208;5;33;8;59;58
11;1;2124;50;2047;3;45;3;63;63
11;2;1665;74;2314;2;40;6;59;58
11;3;3713;87;2829;1;33;8;61;60
11;4;2514;53;1964;1;32;4;58;58
11;5;2886;47;1538;3;28;7;57;57
11;6;4109;54;1903;1;26;8;59;59
11;7;221;72;1817;40;54;4;58;57
11;8;1932;72;2425;5;40;5;60;59
11;9;433;41;1274;23;48;1;57;57
12;0;2792;36;1196;3;39;5;50;49
12;1;603;56;1862;8;43;7;53;52
12;2;1192;103;3217;1;41;8;51;50
12;3;856;57;1558;9;39;5;50;49
12;4;1854;88;2755;1;32;8;50;49
12;5;2698;78;2248;0;24;4;50;50
12;6;1708;63;1721;2;32;2;49;48
12;7;3595;36;1476;10;34;8;50;49
12;8;368;41;1418;4;41;4;50;49
12;9;1688;65;2180;8;34;4;51;50
13;0;182;52;1628;1;31;2;34;33
13;1;712;55;1740;4;26;3;33;32
13;2;674;93;2592;1;28;2;35;34
13;3;0;40;1448;4;32;0;33;32
13;4;114;60;2215;3;32;1;35;35
13;5;166;64;1954;8;30;2;31;31
13;6;0;71;1968;5;31;0;32;31
13;7;900;57;1582;11;25;3;32;32
13;8;188;77;2127;7;29;2;31;31
13;9;201;52;1619;11;28;2;31;30
14;0;27;82;2573;1;25;1;26;26
14;1;0;37;1251;8;26;0;27;26
14;2;49;82;2284;1;25;1;27;26
14;3;49;86;2321;5;24;1;26;25
14;4;98;60;1880;4;23;1;25;25
14;5;0;27;836;14;25;0;25;25
14;6;0;19;654;15;24;0;25;24
14;7;0;106;3005;0;25;0;25;25
14;8;0;73;2122;4;24;0;24;24
14;9;27;70;2092;2;24;1;25;24
15;0;0;57;1674;6;23;0;24;23
15;1;0;85;2381;1;23;0;24;23
15;2;0;60;1754;4;22;0;23;22
15;3;0;75;1958;5;23;0;23;23
15;4;0;59;1702;6;23;0;23;23
15;5;0;103;2786;0;22;0;22;22
15;6;0;53;1288;7;22;0;22;22
15;7;0;28;922;1;21;0;22;21
15;8;0;56;1599;6;22;0;22;22
15;9;0;64;1883;6;21;0;22;21
16;0;0;84;2175;1;24;0;24;24
16;1;0;42;1248;4;23;0;24;23
16;2;0;60;1862;0;23;0;25;23
16;3;0;46;1117;11;23;0;24;23
16;4;0;76;2151;0;22;0;24;22
16;5;0;44;1240;6;22;0;23;22
16;6;0;89;2461;0;22;0;22;22
16;7;0;73;1990;0;22;0;22;22
16;8;0;8;93;21;22;0;23;22
16;9;0;99;2543;2;22;0;22;22
17;0;0;69;1615;8;21;0;22;21
17;1;0;26;630;15;21;0;22;21
17;2;0;111;2517;3;21;0;22;21
17;3;0;67;1805;4;21;0;22;21
17;4;0;55;1423;2;21;0;22;21
17;5;0;47;1340;2;20;0;20;20
17;6;0;56;1593;2;21;0;22;21
17;7;0;74;1938;0;20;0;20;20
17;8;0;36;958;12;20;0;20;20
17;9;0;88;2246;1;19;0;19;19
18;0;0;75;2133;5;23;0;24;23
18;1;0;71;2002;1;22;0;23;22
18;2;161;34;863;13;20;1;23;22
18;3;185;37;867;5;20;1;23;22
18;4;185;51;1587;6;21;1;24;23
18;5;161;43;1133;1;20;1;22;22
18;6;0;48;1397;6;21;0;22;21
18;7;46;89;2346;3;20;1;22;21
18;8;0;72;2076;0;20;0;21;20
18;9;46;72;1912;1;19;1;21;20
19;0;578;94;2282;1;17;3;23;23
19;1;142;63;1460;12;22;1;23;23
19;2;270;77;1989;1;22;1;23;23
19;3;253;62;1700;0;22;1;24;24
19;4;253;49;1110;1;22;1;23;23
19;5;1355;82;2052;0;12;2;23;23
19;6;1005;67;1697;0;20;3;23;22
19;7;1951;49;1155;2;18;3;23;23
19;8;545;47;1296;5;17;3;24;23
19;9;0;5;141;21;22;0;22;22
20;0;0;91;1911;1;17;0;18;17
20;1;541;88;2155;1;17;2;19;19
20;2;337;55;1417;0;16;2;20;19
20;3;265;76;1787;0;16;2;20;19
20;4;269;18;480;4;14;2;18;17
20;5;411;65;1618;0;12;4;17;17
20;6;0;21;615;7;16;0;17;16
20;7;349;91;1907;4;7;3;17;17
20;8;629;41;1083;6;15;2;19;19
20;9;65;15;394;5;17;2;17;17
21;0;0;33;838;8;16;0;17;16
21;1;0;53;1447;2;16;0;17;16
21;2;0;65;1499;6;16;0;16;16
21;3;22;77;2063;3;12;1;17;17
21;4;11;92;2201;2;15;1;17;16
21;5;0;69;1533;2;14;0;15;14
21;6;0;89;2068;0;14;0;15;14
21;7;0;78;1875;1;14;0;15;14
21;8;0;2;46;5;13;0;14;13
21;9;0;0;0;13;13;0;13;13
22;0;246;47;1230;5;15;1;18;17
22;1;319;67;1692;3;16;1;20;19
22;2;319;66;1547;5;17;1;18;18
22;3;0;68;1695;1;17;0;18;17
22;4;0;58;1419;7;18;0;18;18
22;5;0;28;719;8;16;0;17;16
22;6;319;74;1478;3;13;1;17;16
22;7;0;77;1803;1;16;0;17;16
22;8;0;82;1993;0;16;0;16;16
22;9;0;37;854;9;16;0;16;16
23;0;705;51;1362;3;16;1;19;19
23;1;912;44;973;1;15;1;20;19
23;2;0;96;2327;5;18;0;19;18
23;3;0;83;2195;1;18;0;19;18
23;4;447;79;2166;0;17;1;18;18
23;5;0;111;2620;2;17;0;17;17
23;6;705;43;1042;3;17;1;18;18
23;7;0;0;0;10;10;0;17;10
23;8;0;29;704;3;10;0;17;10
23;9;0;35;880;0;7;0;17;7
24;0;0;73;1831;1;17;0;18;17
24;1;0;43;1119;5;18;0;19;18
24;2;0;53;1490;4;17;0;18;17
24;3;0;93;1998;1;19;0;20;19
24;4;0;43;1295;1;17;0;18;17
24;5;0;39;969;9;17;0;17;17
24;6;0;28;614;1;17;0;18;17
24;7;0;100;2276;0;16;0;17;16
24;8;0;66;1618;0;16;0;16;16
24;9;0;44;1112;0;16;0;17;16
25;0;0;64;1543;2;21;0;21;21
25;1;362;52;1405;2;15;2;21;21
25;2;375;82;1738;1;17;3;21;20
25;3;44;32;924;2;19;1;20;20
25;4;48;49;1092;5;18;2;20;20
25;5;8;58;1518;4;20;1;21;21
25;6;44;72;1600;5;18;1;20;19
25;7;0;68;1609;4;20;0;20;20
25;8;654;25;723;3;8;1;20;20
25;9;127;54;1593;0;15;2;20;19
26;0;412;98;2269;1;14;1;20;20
26;1;0;16;381;4;20;0;21;20
26;2;568;62;1684;1;13;3;20;19
26;3;613;46;1225;7;19;3;20;20
26;4;0;64;1740;1;19;0;20;19
26;5;90;55;1126;11;18;1;19;19
26;6;434;42;1191;1;19;3;19;19
26;7;377;72;1875;1;14;3;19;19
26;8;484;47;1327;0;12;2;19;19
26;9;93;56;1426;2;18;1;19;18
27;0;0;62;1779;2;19;0;20;19
27;1;0;60;1408;8;20;0;21;20
27;2;0;31;863;9;19;0;20;19
27;3;0;72;1799;3;19;0;20;19
27;4;0;80;2104;1;18;0;19;18
27;5;0;66;1795;2;19;0;19;19
27;6;0;41;1059;1;17;0;18;17
27;7;0;46;1292;0;17;0;18;17
27;8;0;69;1978;1;17;0;18;17
27;9;0;34;883;4;17;0;17;17
28;0;0;108;2578;2;22;0;23;22
28;1;0;91;2207;6;23;0;23;23
28;2;0;66;1507;6;24;0;25;24
28;3;0;44;998;2;22;0;23;22
28;4;0;60;1773;1;23;0;24;23
28;5;0;55;1490;5;23;0;24;23
28;6;0;26;673;2;21;0;22;21
28;7;0;6;143;4;22;0;23;22
28;8;0;72;1849;0;16;0;22;16
28;9;0;51;1303;2;25;0;26;25
29;0;0;75;1975;3;19;0;19;19
29;1;0;68;1679;4;19;0;20;19
29;2;58;44;1088;8;19;1;20;19
29;3;498;35;792;9;15;1;20;19
29;4;58;67;1625;1;17;1;19;18
29;5;249;72;1639;2;15;1;18;18
29;6;0;74;1748;3;17;0;18;17
29;7;307;68;1639;1;13;2;18;18
29;8;58;31;846;7;16;1;17;17
29;9;0;38;1039;8;17;0;17;17
30;0;0;53;1317;5;20;0;20;20
30;1;0;84;1924;1;18;0;19;18
30;2;0;49;1500;1;18;0;20;18
30;3;0;57;1618;0;18;0;19;18
30;4;0;1;11;18;18;0;19;18
30;5;0;68;1737;2;18;0;18;18
30;6;0;90;2174;0;18;0;19;18
30;7;0;53;1474;0;17;0;18;17
30;8;0;85;2041;2;17;0;17;17
30;9;0;13;304;5;17;0;17;17
31;0;109;55;1531;1;16;1;20;19
31;1;78;32;955;7;18;1;20;19
31;2;0;65;1645;2;20;0;20;20
31;3;191;67;1699;1;17;1;21;20
31;4;0;87;2014;1;19;0;20;19
31;5;409;52;1367;1;16;2;20;19
31;6;78;37;1108;0;21;1;20;21
31;7;0;47;1219;5;22;0;22;22
31;8;191;64;1509;4;15;1;19;18
31;9;109;28;666;3;20;1;19;20
32;0;1414;26;653;11;16;4;27;25
32;1;1304;29;774;0;16;6;29;27
32;2;1546;92;2463;1;20;4;32;30
32;3;858;47;1036;8;18;2;27;25
32;4;1515;57;1353;1;17;4;30;27
32;5;135;66;1573;8;24;1;28;26
32;6;323;33;799;15;24;3;25;25
32;7;500;62;1747;4;23;3;25;25
32;8;683;61;1751;1;21;4;25;25
32;9;1160;61;1506;0;20;4;24;24
33;0;3477;15;498;2;6;4;37;36
33;1;2057;74;1911;1;14;4;36;35
33;2;1343;67;1577;1;22;6;37;35
33;3;1757;35;932;6;16;3;38;37
33;4;3149;82;2150;0;13;7;38;36
33;5;2313;18;674;1;12;8;36;35
33;6;1066;47;1467;4;27;6;35;35
33;7;173;71;1677;1;28;1;34;34
33;8;455;62;1656;19;29;4;35;35
33;9;216;59;1478;13;34;2;35;35
34;0;1019;77;1806;7;21;4;29;28
34;1;1332;39;1009;6;23;3;31;30
34;2;1481;49;1226;4;15;3;29;28
34;3;0;47;1049;18;27;0;28;27
34;4;1893;24;638;4;20;4;33;32
34;5;2086;81;2258;0;22;5;27;27
34;6;0;61;1588;1;26;0;27;26
34;7;1959;80;2079;0;14;5;27;27
34;8;2628;47;1067;9;17;3;26;26
34;9;1760;82;2071;3;27;5;27;29
35;0;1297;43;1086;5;19;4;33;32
35;1;1360;57;1414;11;27;4;32;31
35;2;472;50;1224;10;23;1;32;31
35;3;188;94;2379;2;29;1;32;31
35;4;1167;64;1658;4;17;3;32;31
35;5;472;27;984;10;30;1;31;31
35;6;731;78;2103;2;25;3;31;30
35;7;437;78;1822;7;26;2;31;30
35;8;1137;46;1474;2;24;5;30;29
35;9;756;30;1017;15;28;4;30;30
36;0;139;66;1771;6;20;1;22;22
36;1;894;34;1081;5;16;2;22;21
36;2;373;68;1933;3;20;2;24;23
36;3;367;85;1960;1;19;1;23;22
36;4;367;66;1550;7;18;1;22;21
36;5;691;72;1807;2;17;1;22;22
36;6;0;50;1256;12;21;0;22;21
36;7;144;49;1309;4;20;1;21;20
36;8;144;53;1503;0;19;1;20;20
36;9;0;17;454;13;20;0;20;20
37;0;11;34;960;12;24;2;23;24
37;1;409;44;1158;9;18;3;24;23
37;2;528;56;1425;1;19;5;23;22
37;3;481;86;1964;1;18;3;25;24
37;4;450;72;1614;0;20;4;22;22
37;5;4;54;1231;8;21;1;22;21
37;6;313;24;673;0;21;4;22;22
37;7;5;44;1279;5;22;1;22;22
37;8;452;39;1082;1;20;3;22;22
37;9;0;95;2192;1;21;0;21;21
38;0;712;87;2231;1;26;2;29;28
38;1;1565;55;1485;1;14;4;27;27
38;2;1905;65;1526;1;21;5;28;27
38;3;536;41;1301;0;25;3;27;26
38;4;1394;24;589;8;21;3;28;28
38;5;1947;27;657;3;12;5;27;27
38;6;1968;39;1000;0;8;3;26;26
38;7;840;110;2634;4;22;3;26;26
38;8;25;11;264;0;25;1;26;25
38;9;1930;86;2011;3;20;5;26;25
39;0;730;73;1699;7;22;3;26;25
39;1;1111;57;1339;8;22;4;26;25
39;2;1525;30;884;10;22;2;27;26
39;3;393;64;1612;4;24;2;27;27
39;4;76;38;1192;9;23;1;25;24
39;5;1056;31;802;13;22;3;25;25
39;6;1264;66;1708;2;14;4;24;24
39;7;1446;58;1515;5;19;1;24;24
39;8;6;78;2098;0;23;1;24;24
39;9;729;80;2070;6;19;2;24;24
40;0;56;48;1584;8;26;1;26;26
40;1;221;49;1533;0;22;2;27;25
40;2;514;53;1487;4;21;3;26;24
40;3;213;37;1129;9;22;1;26;24
40;4;66;32;926;7;23;1;27;25
40;5;8;48;1547;5;24;1;25;25
40;6;364;28;751;12;22;3;24;23
40;7;95;77;2214;5;23;2;24;24
40;8;557;79;2069;2;17;3;24;24
40;9;16;69;1893;5;22;1;24;23
41;0;484;56;1662;0;16;4;22;21
41;1;843;76;2057;0;15;4;22;21
41;2;529;77;1963;2;17;1;21;20
41;3;28;71;1740;5;19;2;21;20
41;4;776;42;1250;4;13;3;20;19
41;5;36;67;1898;4;19;1;19;19
41;6;133;39;1202;5;17;3;20;20
41;7;446;51;1614;2;14;4;20;19
41;8;858;58;1908;1;14;1;20;20
41;9;0;21;465;16;19;0;19;19
42;0;780;78;2102;5;23;3;26;25
42;1;1053;56;1634;3;23;4;26;25
42;2;565;56;1406;1;16;2;26;25
42;3;1124;46;1356;4;13;5;26;24
42;4;917;41;1077;10;16;3;26;25
42;5;794;108;2796;0;21;3;25;24
42;6;757;23;741;8;15;3;24;24
42;7;592;69;1929;0;18;3;26;25
42;8;781;106;2854;0;20;3;24;23
42;9;0;4;106;3;23;0;24;23
43;0;0;91;2239;10;32;0;32;32
43;1;872;49;1443;3;20;3;32;32
43;2;1004;44;1392;4;29;2;36;34
43;3;1132;45;1408;11;22;2;31;31
43;4;659;62;1666;9;28;1;31;31
43;5;1294;62;1686;10;26;4;31;30
43;6;440;86;2346;7;25;3;31;30
43;7;954;41;1187;6;25;3;30;29
43;8;694;47;1460;6;24;4;30;29
43;9;487;26;790;12;25;2;29;27
44;0;987;87;2458;0;28;2;31;30
44;1;248;70;1949;15;28;1;30;30
44;2;109;85;2395;2;28;2;31;30
44;3;0;43;1250;12;31;0;32;31
44;4;577;71;2002;0;25;1;30;30
44;5;0;53;1665;2;30;0;30;30
44;6;53;25;677;5;28;1;30;29
44;7;1621;52;1492;2;25;3;29;29
44;8;2097;20;652;6;16;3;29;25
44;9;106;43;1230;5;26;1;29;29
45;0;102;63;1419;11;22;1;24;23
45;1;61;73;1736;1;25;2;27;26
45;2;44;33;1028;1;20;1;22;22
45;3;0;78;2080;2;24;0;25;24
45;4;0;20;437;13;21;0;22;21
45;5;0;41;1194;0;22;0;22;22
45;6;77;51;1432;0;18;3;21;21
45;7;93;76;2150;0;18;3;22;22
45;8;62;52;1376;7;23;2;25;24
45;9;0;50;1722;4;21;0;21;21
46;0;519;54;1117;9;18;2;21;20
46;1;335;52;1470;8;19;1;21;20
46;2;226;55;1307;8;20;2;21;21
46;3;338;65;1830;2;18;2;21;21
46;4;335;51;1270;4;19;1;20;20
46;5;0;65;1897;3;20;0;20;20
46;6;0;63;1723;4;20;0;21;20
46;7;119;71;1820;2;20;1;20;20
46;8;0;26;815;5;20;0;20;20
46;9;527;62;1550;6;18;2;20;20
47;0;0;54;1499;6;21;0;22;21
47;1;0;102;2535;2;20;0;21;20
47;2;0;69;1460;7;21;0;22;21
47;3;0;45;1260;5;21;0;22;21
47;4;0;82;2228;1;19;0;20;19
47;5;0;40;1292;2;19;0;19;19
47;6;0;62;1340;9;18;0;19;18
47;7;0;47;1362;0;18;0;19;18
47;8;0;14;348;12;17;0;18;17
47;9;0;19;561;11;17;0;17;17
48;0;0;69;1593;1;17;0;17;17
48;1;0;39;1066;4;17;0;17;17
48;2;0;45;1170;5;17;0;17;17
48;3;0;33;926;4;17;0;17;17
48;4;0;49;1210;7;17;0;17;17
48;5;0;55;1319;5;19;0;19;19
48;6;0;63;1620;0;16;0;17;16
48;7;0;79;1715;0;18;0;18;18
48;8;0;76;1680;4;18;0;19;18
48;9;0;43;1112;3;16;0;16;16
49;0;32;60;1539;2;18;1;19;18
49;1;0;39;973;6;17;0;18;17
49;2;0;57;1232;11;18;0;18;18
49;3;32;37;1094;4;16;1;18;17
49;4;0;48;1252;4;17;0;18;17
49;5;32;53;1171;7;15;1;17;16
49;6;32;84;1904;1;8;1;17;17
49;7;0;77;1733;2;16;0;17;16
49;8;0;46;1278;4;16;0;16;16
49;9;0;41;1069;8;16;0;16;16
50;0;0;72;1740;2;21;0;21;21
50;1;0;14;470;15;22;0;23;22
50;2;110;64;1725;2;19;1;21;21
50;3;195;65;1697;6;17;1;22;21
50;4;0;69;1739;2;21;0;21;21
50;5;0;29;767;2;19;0;20;19
50;6;0;42;1075;9;20;0;21;20
50;7;110;26;668;10;18;1;20;19
50;8;220;67;1635;1;17;1;20;20
50;9;280;82;2011;0;15;1;19;18
51;0;0;69;1488;2;19;0;20;19
51;1;0;14;379;16;19;0;20;19
51;2;0;80;1788;3;19;0;20;19
51;3;0;49;1391;1;19;0;20;19
51;4;0;34;1145;1;20;0;20;20
51;5;0;33;819;10;19;0;19;19
51;6;0;43;1056;6;18;0;19;18
51;7;0;106;2570;0;18;0;19;18
51;8;0;90;2019;0;18;0;18;18
51;9;0;42;1114;9;19;0;20;19
52;0;0;87;1897;1;18;0;18;18
52;1;0;54;1329;2;17;0;18;17
52;2;0;81;1795;2;16;0;17;16
52;3;0;62;1558;4;17;0;18;17
52;4;0;15;395;6;16;0;17;16
52;5;0;38;1057;8;17;0;17;17
52;6;0;36;987;4;16;0;16;16
52;7;0;82;1928;0;17;0;18;17
52;8;0;26;640;8;17;0;17;17
52;9;0;89;2042;0;16;0;17;16
53;0;476;96;2024;4;22;1;25;24
53;1;253;39;967;2;23;1;25;24
53;2;51;19;628;3;22;1;26;25
53;3;51;71;1813;1;22;1;26;25
53;4;253;79;1800;6;23;1;25;24
53;5;253;48;1379;1;21;1;24;23
53;6;223;27;758;14;21;1;23;23
53;7;0;73;1831;0;24;0;24;24
53;8;51;95;2452;0;19;1;23;22
53;9;51;17;509;14;21;1;23;22
54;0;0;70;1619;1;18;0;19;18
54;1;0;74;1646;5;18;0;18;18
54;2;0;50;1353;5;17;0;18;17
54;3;0;82;1975;1;17;0;18;17
54;4;0;74;1842;1;17;0;18;17
54;5;251;61;1495;3;15;1;17;17
54;6;251;64;1546;0;13;1;17;16
54;7;251;63;1454;2;14;1;16;16
54;8;0;8;244;8;16;0;16;16
54;9;0;45;998;11;15;0;16;15
55;0;0;107;2321;1;15;0;16;15
55;1;0;84;1764;3;16;0;17;16
55;2;0;53;1309;3;15;0;16;15
55;3;0;41;1235;1;15;0;16;15
55;4;0;66;1632;3;15;0;16;15
55;5;0;35;901;6;15;0;15;15
55;6;0;89;1886;1;14;0;14;14
55;7;0;28;780;3;14;0;14;14
55;8;0;29;824;5;14;0;14;14
55;9;0;34;818;8;14;0;15;14
56;0;48;48;1063;2;15;1;16;15
56;1;48;57;1400;4;15;1;17;17
56;2;0;78;1930;2;17;0;18;17
56;3;0;70;1672;3;15;0;16;15
56;4;0;28;529;7;15;0;15;15
56;5;0;89;2076;1;16;0;16;16
56;6;48;68;1509;4;14;1;16;15
56;7;48;39;1131;4;14;1;15;15
56;8;0;29;663;2;14;0;15;14
56;9;0;50;1265;2;14;0;14;14
57;0;113;47;1279;2;18;1;20;20
57;1;0;83;1900;5;19;0;20;19
57;2;209;52;1283;6;18;1;19;19
57;3;435;44;1006;2;16;2;19;18
57;4;113;49;1213;3;15;1;20;19
57;5;0;59;1511;2;18;0;18;18
57;6;113;96;2084;0;15;1;18;17
57;7;209;62;1491;3;15;1;18;17
57;8;0;30;869;7;17;0;17;17
57;9;0;4;85;16;18;0;18;18
58;0;0;57;1633;1;19;0;19;19
58;1;0;71;1793;1;17;0;18;17
58;2;0;25;717;6;17;0;18;17
58;3;0;49;1191;1;16;0;17;16
58;4;0;42;1208;1;18;0;19;18
58;5;0;72;1686;4;16;0;16;16
58;6;0;45;1022;5;16;0;16;16
58;7;0;44;1128;2;16;0;16;16
58;8;0;67;1559;4;16;0;16;16
58;9;0;59;1133;10;17;0;18;17
59;0;0;52;1298;6;20;0;20;20
59;1;0;89;2152;1;19;0;19;19
59;2;0;38;1041;1;18;0;18;18
59;3;0;67;1653;3;18;0;18;18
59;4;0;85;1913;3;18;0;18;18
59;5;0;83;2124;1;18;0;18;18
59;6;0;58;1570;0;17;0;18;17
59;7;0;41;1051;3;17;0;17;17
59;8;0;35;742;11;17;0;17;17
59;9;0;16;337;11;17;0;17;17
60;0;0;31;1057;2;20;0;20;20
60;1;0;76;2120;2;19;0;20;19
60;2;0;90;1814;6;19;0;20;19
60;3;0;66;1510;3;20;0;21;20
60;4;0;25;667;6;19;0;20;19
60;5;0;88;2277;1;21;0;21;21
60;6;0;72;1716;5;18;0;19;18
60;7;0;57;1233;10;18;0;19;18
60;8;0;34;991;0;17;0;18;17
60;9;0;23;618;9;18;0;18;18
61;0;1099;50;1421;1;16;1;32;32
61;1;1088;28;641;3;24;1;26;26
61;2;287;83;1840;2;20;1;21;21
61;3;0;67;1418;13;20;0;21;20
61;4;1088;31;1003;0;11;1;25;24
61;5;1099;72;1886;3;19;1;32;32
61;6;172;65;1561;0;20;1;26;26
61;7;799;48;1159;1;19;1;27;28
61;8;799;52;1642;0;17;1;27;21
61;9;459;38;984;2;10;2;20;19
62;0;20;82;1977;3;20;1;22;21
62;1;20;38;1084;1;20;1;23;22
62;2;20;62;1756;1;21;1;23;23
62;3;20;35;937;10;21;1;23;23
62;4;0;54;1376;4;21;0;21;21
62;5;20;23;650;1;18;1;21;21
62;6;0;108;2656;0;21;0;21;21
62;7;0;56;1435;0;20;0;20;20
62;8;0;16;370;16;20;0;21;20
62;9;0;73;1963;0;19;0;19;19
63;0;0;108;2462;3;23;0;24;23
63;1;0;47;1508;5;23;0;24;23
63;2;0;23;655;11;23;0;25;23
63;3;0;69;1826;3;23;0;24;23
63;4;0;65;1742;2;23;0;24;23
63;5;0;85;1857;5;22;0;23;22
63;6;0;48;1488;4;23;0;24;23
63;7;0;21;554;13;23;0;24;23
63;8;0;70;1759;1;21;0;22;21
63;9;0;24;736;8;22;0;22;22
64;0;0;93;2257;0;18;0;19;18
64;1;0;39;1083;7;18;0;19;18
64;2;0;67;1651;0;18;0;19;18
64;3;0;44;1062;0;18;0;19;18
64;4;168;52;1750;0;14;1;19;18
64;5;84;54;1614;0;16;1;18;18
64;6;0;36;930;10;18;0;18;18
64;7;84;40;1126;5;17;1;18;18
64;8;0;73;1756;0;18;0;18;18
64;9;0;55;1357;5;18;0;18;18
65;0;0;58;1546;4;20;0;20;20
65;1;0;40;1091;6;20;0;20;20
65;2;0;38;1014;9;20;0;21;20
65;3;0;68;1834;2;20;0;21;20
65;4;0;32;797;11;20;0;20;20
65;5;0;68;1626;2;19;0;20;19
65;6;0;76;2144;1;19;0;19;19
65;7;0;55;1376;9;19;0;19;19
65;8;0;98;2394;0;18;0;19;18
65;9;0;23;604;2;18;0;19;18
66;0;142;53;1300;9;23;1;24;24
66;1;0;72;1802;6;23;0;23;23
66;2;574;52;1289;1;14;1;23;22
66;3;254;59;1572;3;21;1;23;22
66;4;425;55;1386;4;19;2;23;23
66;5;519;60;1406;7;18;1;22;22
66;6;771;46;1426;0;15;2;23;22
66;7;519;49;1277;7;22;1;22;22
66;8;114;85;1904;3;20;1;21;21
66;9;252;42;1055;6;20;1;21;21
67;0;0;24;611;14;23;0;24;23
67;1;4;57;1394;12;23;1;24;23
67;2;0;58;1437;7;22;0;24;22
67;3;902;42;1150;1;14;1;24;23
67;4;906;90;2089;0;13;2;24;23
67;5;4;60;1545;1;22;1;23;22
67;6;0;79;2096;0;23;0;23;23
67;7;258;85;2104;2;19;2;22;22
67;8;0;22;745;7;22;0;22;22
67;9;1804;46;1085;3;19;1;22;22
68;0;0;37;1113;12;26;0;26;26
68;1;0;45;1365;4;25;0;26;25
68;2;374;55;1332;5;22;1;27;26
68;3;0;85;2156;3;25;0;26;25
68;4;374;40;1115;2;21;1;26;26
68;5;374;74;1814;1;19;1;25;25
68;6;0;16;334;17;25;0;25;25
68;7;374;75;1700;2;19;1;25;25
68;8;374;56;1357;6;23;1;25;24
68;9;374;63;1487;4;22;1;24;24
69;0;0;65;1508;5;23;0;24;23
69;1;0;32;1045;3;24;0;25;24
69;2;0;50;1376;1;23;0;24;23
69;3;0;70;1576;1;24;0;25;24
69;4;0;39;979;1;23;0;24;23
69;5;0;52;1485;1;23;0;24;23
69;6;0;19;463;0;22;0;23;22
69;7;0;99;2179;0;23;0;24;23
69;8;0;48;1294;3;22;0;23;22
69;9;0;73;1825;0;24;0;24;24
70;0;210;81;2031;1;15;2;20;19
70;1;133;35;858;4;14;2;20;20
70;2;85;80;1970;1;18;1;21;20
70;3;170;62;1675;1;11;1;21;20
70;4;139;49;1081;4;15;2;20;19
70;5;185;61;1739;0;16;3;20;20
70;6;133;35;973;5;18;2;18;18
70;7;46;81;2099;0;18;1;20;20
70;8;46;96;2304;3;16;1;18;18
70;9;0;10;337;13;19;0;20;19
71;0;793;90;2141;4;38;1;46;45
71;1;875;59;1479;3;33;1;33;42
71;2;2006;45;1130;1;18;1;27;26
71;3;940;76;1569;10;23;1;27;26
71;4;0;90;1989;5;26;0;27;26
71;5;1131;57;1416;8;20;1;30;30
71;6;1131;26;739;14;29;1;42;41
71;7;0;54;1388;12;30;0;30;30
71;8;940;95;2377;4;23;1;30;30
71;9;1131;10;325;20;29;1;41;41
72;0;24;38;1111;14;25;1;26;25
72;1;770;38;1055;11;24;1;25;26
72;2;2031;54;1262;2;10;1;28;27
72;3;2031;50;1167;2;10;1;29;28
72;4;1466;53;1615;0;22;1;25;25
72;5;12;83;2205;3;24;1;25;25
72;6;2766;86;2191;1;13;1;32;32
72;7;12;68;1817;4;24;1;24;24
72;8;0;5;71;24;24;0;25;24
72;9;1484;102;2569;0;7;1;25;24
73;0;0;57;1651;8;25;0;25;25
73;1;203;53;1231;12;23;1;25;24
73;2;12;104;2507;5;23;1;25;24
73;3;0;60;1452;10;24;0;24;24
73;4;2844;22;738;2;8;1;25;24
73;5;1254;26;634;5;12;3;24;24
73;6;2691;54;1358;3;19;2;23;24
73;7;275;35;964;13;20;1;23;22
73;8;529;97;2519;0;17;2;23;22
73;9;1484;76;1775;4;20;2;23;23
74;0;51;43;1142;8;16;1;18;17
74;1;0;48;1118;10;17;0;18;17
74;2;11;68;1805;1;16;2;18;17
74;3;32;74;1931;0;16;1;17;17
74;4;28;59;1500;0;15;3;17;16
74;5;11;53;1314;2;16;1;17;17
74;6;116;76;1902;0;16;1;16;16
74;7;242;53;1244;2;16;2;16;17
74;8;87;45;1154;0;10;3;16;12
74;9;116;51;1237;0;11;1;16;12
75;0;109;71;1754;6;18;1;19;19
75;1;115;41;1069;6;18;1;19;19
75;2;134;50;1249;5;17;1;19;19
75;3;43;102;2582;2;19;1;19;19
75;4;115;50;1199;9;18;1;19;19
75;5;28;41;1093;9;18;1;19;18
75;6;0;53;1363;6;18;0;18;18
75;7;128;78;2122;0;17;1;18;18
75;8;0;61;1674;1;18;0;18;18
75;9;47;25;770;8;17;1;18;18
76;0;0;78;2046;4;20;0;20;20
76;1;0;46;1203;3;19;0;20;19
76;2;0;86;2075;2;19;0;20;19
76;3;0;78;2080;2;19;0;20;19
76;4;8;64;1565;2;18;1;20;19
76;5;8;47;1374;5;18;1;19;18
76;6;0;40;1088;2;18;0;19;18
76;7;8;55;1456;5;16;1;18;18
76;8;8;62;1647;2;16;1;17;17
76;9;0;27;755;2;19;0;19;19
77;0;704;39;1142;6;25;1;26;26
77;1;1294;48;1430;2;15;3;26;25
77;2;1057;59;1451;5;19;2;26;25
77;3;439;103;2458;2;23;2;26;25
77;4;704;64;1534;8;22;1;26;26
77;5;1493;73;2036;1;19;3;25;25
77;6;782;44;990;12;20;1;25;24
77;7;386;82;2171;3;20;1;25;24
77;8;2497;62;1662;1;18;3;26;26
77;9;0;10;175;4;25;0;25;25
78;0;0;64;1462;9;24;0;26;24
78;1;491;46;1107;5;17;1;23;22
78;2;797;51;1323;4;15;2;23;21
78;3;101;70;1973;1;24;1;27;25
78;4;491;58;1316;7;18;1;22;22
78;5;454;62;1611;5;20;1;21;21
78;6;0;45;1102;4;21;0;22;21
78;7;0;37;1077;9;21;0;22;21
78;8;576;70;1901;0;20;2;23;23
78;9;595;33;977;0;19;1;20;20
79;0;8;50;1466;4;24;1;25;24
79;1;0;26;691;11;24;0;25;24
79;2;501;58;1657;2;18;2;25;24
79;3;0;44;1007;13;24;0;25;24
79;4;104;50;1481;2;23;1;24;24
79;5;143;74;1963;2;24;2;27;26
79;6;0;86;2214;1;25;0;26;25
79;7;0;55;1506;6;23;0;23;23
79;8;218;48;1159;0;20;1;23;22
79;9;0;63;1599;3;24;0;24;24
80;0;84;48;1309;10;21;1;24;23
80;1;408;54;1768;1;19;2;24;23
80;2;86;12;393;1;23;1;25;24
80;3;120;65;1550;1;23;1;25;25
80;4;0;72;1692;7;24;0;25;24
80;5;0;80;1975;6;24;0;23;24
80;6;120;61;1582;1;23;1;24;23
80;7;0;68;1704;10;23;0;23;23
80;8;36;67;1763;4;19;1;22;22
80;9;0;28;683;0;23;0;23;23
81;0;0;58;1601;14;29;0;29;29
81;1;1421;59;1315;9;26;1;33;32
81;2;1224;68;1885;3;19;1;31;30
81;3;214;73;1882;9;32;2;29;36
81;4;1421;19;392;15;28;1;29;30
81;5;1568;54;1320;1;13;1;28;27
81;6;122;40;1148;2;32;1;36;36
81;7;1610;24;803;1;17;2;33;32
81;8;297;106;2621;0;25;2;29;28
81;9;92;33;660;23;30;1;31;30
82;0;993;62;1348;5;24;3;32;31
82;1;865;23;544;12;21;3;31;30
82;2;1015;30;879;4;20;3;31;31
82;3;1511;38;1175;5;18;5;31;30
82;4;2145;50;1358;4;19;3;30;29
82;5;570;48;1066;16;22;2;29;28
82;6;798;80;2051;1;11;4;29;28
82;7;1515;85;2434;0;21;3;29;28
82;8;1548;55;1422;8;26;4;30;29
82;9;209;57;1381;10;26;2;28;28
83;0;0;56;1302;11;22;0;22;22
83;1;254;64;1588;7;18;1;22;21
83;2;649;57;1444;1;11;2;22;20
83;3;0;107;2660;1;21;0;22;21
83;4;409;97;2223;4;18;1;21;20
83;5;254;43;1010;6;16;1;20;20
83;6;0;54;1324;3;20;0;20;20
83;7;295;35;972;6;15;1;20;19
83;8;663;7;213;8;11;2;19;19
83;9;649;71;1687;1;15;2;20;19
84;0;725;51;1343;6;22;2;24;24
84;1;232;45;1043;14;27;1;32;31
84;2;232;64;1991;1;23;1;25;24
84;3;422;52;1482;5;19;1;24;23
84;4;666;66;1632;3;13;2;25;24
84;5;113;68;1469;7;22;1;24;24
84;6;113;122;2787;0;21;1;23;22
84;7;113;49;1319;11;26;1;29;28
84;8;0;8;209;21;24;0;24;24
84;9;0;55;1528;9;28;0;28;28
85;0;0;81;1864;4;19;0;20;19
85;1;95;35;1132;1;19;1;23;22
85;2;190;53;1408;7;18;1;21;20
85;3;0;95;2372;2;20;0;21;20
85;4;0;36;784;12;21;0;22;21
85;5;0;68;1508;8;22;0;22;22
85;6;0;60;1468;1;19;0;19;19
85;7;0;46;1212;10;21;0;21;21
85;8;95;66;1618;0;16;1;18;18
85;9;95;51;1500;0;17;1;18;18
86;0;0;58;1378;9;25;0;26;25
86;1;91;49;1378;0;24;1;26;25
86;2;301;44;1313;1;25;2;27;26
86;3;210;101;2279;5;24;1;28;27
86;4;91;56;1753;0;25;1;26;25
86;5;91;36;1011;1;25;1;26;26
86;6;420;90;2135;4;24;1;26;26
86;7;91;63;1834;0;26;1;27;27
86;8;210;41;1125;12;24;1;25;25
86;9;0;34;716;21;25;0;26;25
87;0;230;88;2202;1;27;2;30;29
87;1;1439;38;1066;5;18;1;28;28
87;2;1283;23;624;13;21;1;32;32
87;3;1774;56;1605;0;18;2;31;31
87;4;242;98;2355;3;26;1;28;28
87;5;1317;63;1457;11;23;2;33;33
87;6;1869;61;1513;11;23;3;29;28
87;7;1215;55;1617;4;26;3;29;28
87;8;1482;55;1528;8;21;4;28;28
87;9;1197;46;1392;8;24;1;31;31
88;0;0;59;1633;8;24;0;25;24
88;1;564;39;979;8;19;2;25;24
88;2;707;60;1520;1;19;3;28;28
88;3;1910;59;1375;6;15;4;25;24
88;4;0;36;1033;9;27;0;27;27
88;5;725;72;1787;7;22;3;25;25
88;6;700;54;1628;2;21;4;27;26
88;7;499;60;1533;3;20;1;24;23
88;8;285;82;2140;1;20;1;22;22
88;9;529;88;1985;2;22;3;25;25
89;0;8;72;2099;2;27;1;28;28
89;1;8;33;1060;10;27;1;29;28
89;2;0;76;1880;6;28;0;29;28
89;3;16;82;2272;1;27;1;29;28
89;4;8;49;1338;11;26;1;27;27
89;5;0;72;1735;1;27;0;28;27
89;6;0;66;1834;3;26;0;27;26
89;7;0;64;1601;2;26;0;26;26
89;8;8;38;1008;8;26;1;27;26
89;9;0;20;692;12;26;0;26;26
90;0;417;81;2216;2;19;2;22;22
90;1;0;68;1835;2;22;0;22;22
90;2;0;42;1098;9;21;0;22;21
90;3;0;41;1110;2;22;0;22;22
90;4;364;44;1224;6;20;1;22;21
90;5;0;19;619;1;21;0;21;21
90;6;685;84;2082;0;16;2;23;22
90;7;0;112;2608;1;20;0;21;20
90;8;546;71;1702;7;20;1;23;22
90;9;0;13;364;16;21;0;21;21
91;0;0;31;825;13;20;0;20;20
91;1;797;58;1459;1;11;2;20;19
91;2;626;70;1839;1;17;2;24;22
91;3;767;70;1681;1;17;2;20;19
91;4;222;63;1660;2;19;2;19;19
91;5;0;52;1302;4;19;0;19;19
91;6;0;81;2085;0;18;0;19;19
91;7;0;19;424;14;19;0;19;19
91;8;535;55;1317;0;11;2;18;18
91;9;141;72;1816;2;15;1;18;17
92;0;62;76;1902;2;17;1;25;25
92;1;118;103;2300;2;17;1;23;23
92;2;0;71;1945;1;23;0;23;23
92;3;118;60;1485;1;17;1;25;24
92;4;62;67;1850;8;23;1;28;27
92;5;0;60;1647;7;23;0;23;23
92;6;0;32;897;13;22;0;23;22
92;7;118;74;1831;0;19;1;23;22
92;8;118;26;767;6;17;1;24;24
92;9;0;16;460;18;24;0;24;24
93;0;0;85;2044;4;18;0;18;18
93;1;0;71;1694;2;15;0;16;15
93;2;0;93;2121;0;16;0;17;16
93;3;0;62;1460;4;18;0;18;18
93;4;0;30;882;7;16;0;17;16
93;5;0;33;879;7;18;0;18;18
93;6;0;46;1265;4;17;0;17;17
93;7;0;81;2044;0;17;0;17;17
93;8;0;50;1204;3;15;0;16;15
93;9;0;7;191;5;15;0;15;15
94;0;0;96;2315;2;12;0;12;12
94;1;0;54;1233;5;11;0;12;11
94;2;0;49;1076;6;11;0;12;11
94;3;0;32;718;3;12;0;13;12
94;4;0;47;1507;1;11;0;12;11
94;5;0;87;2046;2;12;0;12;12
94;6;0;76;1714;3;12;0;11;12
94;7;0;52;1614;0;10;0;11;10
94;8;0;15;374;6;10;0;10;10
94;9;0;48;1362;2;11;0;11;11
95;0;0;62;1650;1;11;0;12;11
95;1;0;77;1753;1;12;0;12;12
95;2;0;42;902;5;12;0;12;12
95;3;0;44;1207;4;12;0;13;12
95;4;0;54;1394;3;12;0;13;12
95;5;0;19;488;4;11;0;11;11
95;6;0;72;1824;0;10;0;10;10
95;7;0;59;1472;1;10;0;10;10
95;8;0;86;2021;0;9;0;10;9
95;9;0;64;1490;0;9;0;10;9
96;0;0;79;2040;1;9;0;10;9
96;1;0;66;1337;4;10;0;10;10
96;2;0;36;854;4;9;0;10;9
96;3;0;44;1161;2;11;0;11;11
96;4;0;67;1557;1;9;0;9;9
96;5;0;55;1358;1;9;0;10;9
96;6;0;53;996;2;9;0;9;9
96;7;0;95;2235;0;9;0;9;9
96;8;0;48;1168;1;8;0;9;8
96;9;0;17;541;2;9;0;10;9
97;0;0;53;1341;3;11;0;11;11
97;1;0;57;1284;4;11;0;11;11
97;2;0;54;1166;4;11;0;11;11
97;3;0;55;1339;4;12;0;11;12
97;4;0;54;1339;2;9;0;11;9
97;5;0;51;1161;2;12;0;10;12
97;6;0;79;1903;0;8;0;9;8
97;7;0;53;1433;0;9;0;10;9
97;8;0;54;1338;1;8;0;9;8
97;9;0;37;893;0;8;0;9;8
98;0;0;38;905;8;13;0;14;13
98;1;0;73;1713;3;14;0;12;14
98;2;0;99;2145;2;10;0;12;10
98;3;0;23;554;6;11;0;12;11
98;4;0;83;2022;1;13;0;11;13
98;5;0;28;500;5;10;0;10;10
98;6;0;58;1469;3;10;0;11;10
98;7;0;102;2139;1;10;0;10;10
98;8;0;46;1202;2;9;0;10;9
98;9;0;17;455;6;10;0;10;10
99;0;0;47;1144;4;11;0;12;11
99;1;0;58;1252;2;11;0;12;11
99;2;0;63;1467;2;11;0;12;11
99;3;0;63;1530;3;11;0;12;11
99;4;0;77;1781;2;11;0;11;11
99;5;0;52;1228;2;10;0;11;10
99;6;0;52;1088;2;9;0;10;9
99;7;0;72;1745;1;9;0;10;9
99;8;0;60;1433;2;10;0;10;10
99;9;0;20;424;0;9;0;10;9
100;0;0;10;47;1;3;0;3;3
100;1;0;3;14;1;3;0;3;3
100;2;0;6;28;2;3;0;3;3
100;3;0;3;15;1;2;0;3;2
100;4;0;8;37;1;2;0;4;2
100;5;0;4;19;1;2;0;2;2
100;6;0;7;36;0;2;0;2;2
100;7;0;8;40;0;1;0;2;1
100;8;0;5;25;0;1;0;1;1
100;9;0;13;68;0;1;0;1;1
