Timestamp;Memory;Disks;Flocks
0;970752;25;25
1;1093632;21;27
2;1155072;21;31
3;1449984;36;68
4;1765376;48;93
5;1945600;48;114
6;2375680;43;168
7;2772992;71;270
8;3117056;74;362
9;3973120;79;405
10;5115904;93;487
11;5140480;85;532
12;5148672;83;588
13;6164480;79;571
14;6864896;85;689
15;7540736;95;852
16;7557120;88;904
17;7712768;92;987
18;8663040;111;1151
19;8998912;108;1174
20;10104832;99;1096
21;10133504;101;1164
22;11190272;110;1144
23;12021760;126;1155
24;12427264;118;1160
25;12615680;106;1114
26;12615680;101;991
27;12615680;101;959
28;13099008;77;812
29;13123584;113;865
30;13123584;115;888
31;13123584;130;975
32;14000128;116;894
33;14004224;133;874
34;14004224;128;814
35;14004224;149;856
36;14004224;151;815
37;14004224;168;880
38;14004224;145;845
39;14004224;155;848
40;14004224;145;865
41;14004224;136;948
42;14086144;136;970
43;14090240;160;973
44;14090240;173;1000
45;14094336;162;905
46;14094336;152;947
47;14098432;168;931
48;14098432;182;922
49;14098432;176;917
50;14102528;174;878
51;14102528;170;886
52;14102528;147;922
53;14639104;183;1055
54;15048704;190;1077
55;15048704;180;972
56;15052800;192;915
57;15142912;158;913
58;15142912;143;863
59;15142912;150;826
60;15142912;161;817
61;15147008;150;857
62;15147008;142;779
63;15147008;139;812
64;15200256;121;832
65;15208448;140;911
66;15237120;135;987
67;16257024;131;978
68;16257024;134;962
69;16261120;151;977
70;16261120;133;989
71;16261120;152;1040
72;16261120;144;995
73;16261120;149;1011
74;16265216;143;990
75;16265216;147;971
76;16265216;180;1043
77;16269312;176;994
78;16269312;149;957
79;16269312;153;994
80;16637952;159;1128
81;16637952;162;1085
82;17002496;170;1139
83;17182720;148;1135
84;17186816;145;1052
85;17297408;139;972
86;17334272;140;926
87;17338368;142;905
88;17338368;143;947
89;17485824;139;927
90;17932288;145;923
91;18018304;149;922
92;18391040;163;988
93;18395136;145;944
94;18395136;147;964
95;18399232;121;902
96;18399232;116;846
97;18399232;115;846
98;18403328;119;863
99;18558976;115;782
100;18558976;126;777
101;18563072;118;779
102;18563072;121;747
103;18563072;119;742
104;18567168;136;810
105;18567168;136;751
106;18567168;136;721
107;18567168;127;677
108;18571264;97;641
109;18571264;128;680
110;18571264;118;652
111;18575360;131;663
112;18575360;112;639
113;18575360;152;717
114;18579456;141;734
115;18579456;121;744
116;18579456;137;776
117;18583552;150;778
118;18583552;134;783
119;18583552;158;759
120;18583552;129;745
121;18587648;141;779
122;18587648;135;778
123;18587648;126;748
124;18587648;130;767
125;18591744;147;751
126;18591744;140;748
127;18591744;142;746
128;18591744;145;741
129;18591744;140;745
130;18591744;133;700
131;18591744;151;739
132;18632704;143;783
133;19480576;140;816
134;19484672;155;776
135;19484672;149;798
136;19484672;146;760
137;19529728;138;785
138;19529728;140;753
139;19529728;118;718
140;19529728;123;756
141;19648512;137;786
142;19648512;128;775
143;19648512;111;706
144;19648512;112;667
145;19648512;122;686
146;19648512;120;721
147;19652608;126;685
148;19652608;127;691
149;19652608;134;714
150;19652608;136;683
151;19652608;126;657
152;19652608;122;706
153;19652608;118;742
154;19652608;123;729
155;19656704;132;751
156;19656704;119;636
157;19656704;98;617
158;19656704;97;682
159;19656704;108;708
160;19681280;110;613
161;19681280;90;578
162;20541440;111;608
163;20709376;93;624
164;20709376;115;658
165;20709376;121;682
166;20709376;120;670
167;20709376;107;670
168;20709376;96;607
169;20713472;88;640
170;20713472;91;628
171;20713472;91;648
172;20713472;82;598
173;20713472;108;655
174;20713472;108;629
175;20717568;116;672
176;20717568;107;675
177;20860928;99;737
178;20860928;108;817
179;20865024;109;801
180;20865024;96;780
181;20865024;104;712
182;20865024;106;768
183;20865024;104;753
184;20869120;99;749
185;20869120;114;799
186;20869120;107;708
187;20869120;101;659
188;20869120;106;669
189;20869120;115;683
190;20869120;92;644
191;21299200;98;654
192;21299200;101;671
193;21299200;84;692
194;21303296;91;697
195;21303296;92;677
196;21303296;77;690
197;21303296;99;757
198;21303296;100;760
199;21303296;100;708
200;21307392;99;765
201;21307392;102;759
202;21311488;88;664
203;21311488;86;642
204;21311488;87;587
205;21311488;84;658
206;21315584;90;604
207;21315584;103;658
208;21315584;94;628
209;21323776;101;643
210;21323776;111;664
211;21323776;96;577
212;21323776;89;532
213;21323776;93;577
214;21327872;81;598
215;21327872;92;640
216;21327872;82;583
217;21327872;100;620
218;21327872;78;503
219;21327872;78;494
220;21331968;85;491
221;21331968;80;465
222;21331968;76;409
223;21331968;68;409
224;21331968;68;389
225;21331968;68;438
226;21331968;73;423
227;21331968;79;401
228;21331968;69;417
229;21331968;78;482
230;21336064;73;423
231;21336064;75;455
232;21336064;81;474
233;21336064;74;480
234;21336064;83;469
235;21336064;80;483
236;21336064;81;482
237;21336064;74;451
238;21340160;83;449
239;21340160;68;423
240;21340160;75;438
241;21377024;75;429
242;21377024;85;468
243;21377024;81;438
244;22237184;75;437
245;22237184;76;470
246;22388736;70;474
247;22388736;81;491
248;22392832;74;475
249;22421504;71;442
250;22421504;70;451
251;22421504;61;439
252;22425600;66;459
253;22425600;78;420
254;22425600;76;404
255;22425600;78;406
256;22425600;69;383
257;22425600;62;337
258;22429696;60;372
259;22429696;66;422
260;22429696;64;403
261;22429696;59;380
262;22429696;72;392
263;22429696;65;389
264;22429696;64;370
265;22433792;62;363
266;22433792;62;355
267;22433792;71;404
268;22433792;66;336
269;22433792;60;340
270;22433792;54;350
271;22433792;60;352
272;22433792;69;372
273;22437888;65;407
274;22437888;59;351
275;22437888;71;381
276;22437888;61;367
277;22437888;60;362
278;22437888;69;364
279;22437888;63;352
280;22437888;72;350
281;22437888;65;348
282;22470656;68;359
283;22474752;65;370
284;22474752;70;388
285;22474752;64;335
286;22474752;72;357
287;22474752;75;342
288;22474752;71;358
289;22474752;54;337
290;22474752;66;349
291;22478848;62;361
292;22478848;63;356
293;22478848;64;371
294;22478848;57;361
295;22478848;64;371
296;22478848;60;357
297;22478848;53;404
298;22478848;65;412
299;22482944;54;380
300;22536192;62;416
301;22536192;57;407
302;22691840;66;453
303;22691840;54;422
304;22691840;64;438
305;22691840;76;422
306;22695936;56;359
307;22695936;66;404
308;22695936;64;429
309;22695936;62;414
310;22695936;53;406
311;22695936;53;415
312;22695936;49;382
313;22700032;52;428
314;22757376;40;426
315;23101440;51;525
316;23101440;61;514
317;23101440;57;465
318;23101440;48;428
319;23101440;58;492
320;23101440;46;425
321;23105536;49;407
322;23105536;53;381
323;23105536;54;418
324;23105536;45;373
325;23105536;41;338
326;23109632;43;328
327;23109632;40;304
328;23109632;41;296
329;23109632;44;255
330;23109632;39;258
331;23109632;43;278
332;23109632;38;264
333;23109632;35;256
334;23109632;38;263
335;23113728;38;274
336;23113728;40;275
337;23113728;44;292
338;23113728;40;272
339;23113728;46;282
340;23199744;49;325
341;23367680;56;367
342;23367680;55;340
343;23367680;66;353
344;23367680;42;298
345;23678976;43;264
346;23678976;42;268
347;23678976;51;296
348;23678976;47;272
349;23678976;40;256
350;23678976;37;244
351;23678976;42;260
352;23678976;36;302
353;23678976;35;256
354;23678976;34;250
355;23678976;35;308
356;23678976;47;371
357;23683072;40;315
358;23683072;42;331
359;23683072;36;270
360;23683072;37;280
361;23683072;43;316
362;23683072;39;276
363;23683072;27;271
364;23683072;30;261
365;23683072;39;268
366;23683072;39;232
367;23683072;35;209
368;23683072;30;208
369;23683072;32;237
370;23687168;35;239
371;23687168;40;223
372;23687168;52;248
373;23687168;39;233
374;23687168;39;233
375;23687168;39;258
376;23687168;40;302
377;23687168;38;259
378;23687168;42;268
379;23871488;42;318
380;23871488;42;331
381;23871488;50;312
382;23871488;47;336
383;24027136;41;328
384;24027136;43;290
385;24027136;43;297
386;24072192;32;293
387;24137728;35;290
388;24137728;52;298
389;24137728;50;284
390;24158208;55;331
391;24158208;47;304
392;24358912;45;317
393;24375296;50;310
394;24379392;40;263
395;24379392;46;263
396;24379392;45;249
397;24379392;32;215
398;24379392;38;217
399;24379392;36;219
400;24379392;31;236
401;24379392;34;218
402;24379392;39;235
403;24379392;38;234
404;24379392;37;231
405;24379392;39;219
406;24383488;40;255
407;24383488;42;256
408;24383488;36;228
409;24383488;27;207
410;24383488;36;231
411;24383488;32;217
412;24383488;35;218
413;24383488;28;223
414;24383488;33;205
415;24383488;40;228
416;24383488;31;188
417;24383488;36;165
418;24387584;33;179
419;24387584;26;161
420;24387584;35;182
421;24387584;31;209
422;24387584;39;193
423;24387584;36;217
424;24387584;35;195
425;24387584;30;206
426;24387584;39;225
427;24387584;41;224
428;24387584;29;202
429;24387584;29;208
430;24391680;29;212
431;24391680;28;198
432;24391680;34;212
433;24391680;35;229
434;24391680;27;212
435;24391680;31;214
436;24391680;30;214
437;24391680;32;218
438;24391680;34;219
439;24391680;32;206
440;24391680;32;227
441;24399872;33;233
442;24399872;32;209
443;24399872;35;214
444;24399872;33;238
445;24403968;34;239
446;24403968;33;226
447;24403968;23;195
448;24424448;29;209
449;24457216;28;208
450;24481792;24;194
451;24494080;24;180
452;24502272;25;181
453;24506368;20;155
454;24506368;28;188
455;24506368;28;194
456;24514560;33;214
457;24514560;25;187
458;24514560;31;193
459;24514560;35;194
460;24514560;30;189
461;24514560;26;177
462;24514560;33;177
463;24514560;31;186
464;24514560;27;186
465;24514560;30;176
466;24514560;27;153
467;24514560;27;150
468;24514560;28;153
469;24514560;30;157
470;24514560;34;144
471;24514560;29;137
472;24514560;35;149
473;24514560;29;147
474;24514560;30;153
475;24514560;23;158
476;24518656;30;169
477;24518656;35;177
478;24518656;31;189
479;24518656;31;184
480;24518656;30;189
481;24518656;33;198
482;24518656;26;195
483;24518656;29;196
484;24518656;27;174
485;24518656;35;178
486;24518656;27;182
487;24518656;34;186
488;24518656;32;189
489;24518656;34;172
490;24518656;25;163
491;24518656;35;186
492;24518656;36;155
493;24518656;25;148
494;24518656;28;166
495;24518656;34;177
496;24518656;32;189
497;24518656;32;187
498;24518656;35;188
499;24518656;27;156
500;24518656;29;154
501;24518656;22;122
502;24518656;24;147
503;24518656;21;160
504;24518656;20;181
505;24563712;21;209
506;24563712;24;206
507;24563712;18;168
508;24567808;19;151
509;24653824;24;174
510;24653824;26;161
511;24653824;22;161
512;24666112;23;166
513;24678400;23;145
514;24678400;24;145
515;24678400;21;136
516;24682496;22;124
517;24690688;24;148
518;24690688;20;156
519;24690688;25;157
520;24698880;23;136
521;24698880;19;140
522;24698880;27;149
523;24698880;28;143
524;24698880;31;152
525;24698880;22;154
526;24698880;19;142
527;24702976;17;132
528;24711168;21;153
529;24723456;21;146
530;24739840;21;153
531;24752128;22;162
532;24768512;21;148
533;24768512;19;142
534;24768512;16;131
535;24768512;22;136
536;24768512;20;129
537;24768512;21;132
538;24768512;24;136
539;24768512;27;133
540;24768512;23;118
541;24768512;27;134
542;24768512;27;140
543;24768512;19;123
544;24768512;19;116
545;24768512;13;102
546;24768512;12;94
547;24768512;15;92
548;24768512;13;91
549;24768512;14;90
550;24768512;16;90
551;24768512;19;103
552;24768512;20;94
553;24768512;17;92
554;24768512;18;93
555;24768512;20;94
556;24768512;17;86
557;24768512;18;86
558;24768512;17;86
559;24768512;19;79
560;24768512;21;92
561;24772608;17;88
562;24772608;19;87
563;24772608;24;118
564;24780800;17;115
565;24780800;15;125
566;24780800;14;118
567;24780800;21;106
568;24780800;26;101
569;24780800;18;96
570;24780800;22;87
571;24780800;23;89
572;24780800;25;96
573;24780800;19;88
574;24780800;19;86
575;24788992;17;84
576;24793088;19;81
577;24793088;23;84
578;24793088;18;71
579;24797184;18;77
580;24805376;17;71
581;24809472;19;78
582;24809472;17;70
583;24809472;18;75
584;24809472;14;78
585;24809472;23;63
586;24809472;18;62
587;24809472;13;63
588;24809472;12;67
589;24809472;12;68
590;24809472;13;79
591;24813568;14;80
592;24817664;11;82
593;24821760;15;87
594;24821760;12;82
595;24821760;13;88
596;24821760;12;82
597;24821760;15;91
598;24821760;17;100
599;24821760;16;78
600;24821760;16;79
601;24821760;11;68
602;24825856;15;78
603;24825856;16;84
604;24825856;14;76
605;24825856;12;77
606;24834048;11;75
607;24838144;9;63
608;24842240;9;57
609;24846336;14;58
610;24850432;16;63
611;24854528;14;64
612;24858624;14;59
613;24858624;13;55
614;24858624;10;59
615;24858624;14;57
616;24858624;9;55
617;24858624;10;67
618;24858624;12;66
619;24858624;15;58
620;24858624;13;55
621;24858624;11;56
622;24862720;12;58
623;24862720;11;63
624;24862720;12;61
625;24862720;13;60
626;24862720;15;61
627;24862720;18;59
628;24862720;16;63
629;24862720;13;49
630;24862720;13;47
631;24862720;14;50
632;24862720;9;45
633;24862720;12;48
634;24862720;11;44
635;24862720;13;41
636;24862720;10;35
637;24862720;8;34
638;24866816;11;37
639;24866816;11;36
640;24866816;11;27
641;24866816;16;30
642;24866816;10;34
643;24866816;12;31
644;24866816;9;31
645;24870912;10;33
646;24870912;8;31
647;24870912;9;32
648;24870912;9;28
649;24883200;10;29
650;24883200;12;28
651;24887296;11;28
652;24887296;13;23
653;24891392;13;27
654;24895488;11;27
655;24899584;8;27
656;24899584;13;27
657;24899584;8;28
658;24899584;10;23
659;24899584;5;19
660;24899584;6;18
661;24899584;5;19
662;24899584;6;18
663;24899584;4;12
664;24899584;8;17
665;24899584;9;20
666;24899584;8;17
667;24899584;8;14
668;24899584;10;16
669;24899584;10;16
670;24899584;13;20
671;24899584;11;21
672;24899584;5;17
673;24899584;7;21
674;24899584;9;21
675;24899584;10;26
676;24899584;6;25
677;24899584;7;22
678;24899584;6;21
679;24899584;6;22
680;24899584;10;22
681;24899584;6;24
682;24899584;9;24
683;24899584;8;20
684;24899584;7;20
685;24899584;8;21
686;24899584;8;24
687;24899584;7;22
688;24899584;8;23
689;24899584;9;27
690;24899584;9;23
691;24899584;9;21
692;24899584;9;20
693;24899584;11;18
694;24899584;11;17
695;24899584;9;16
696;24899584;10;15
697;24899584;9;15
698;24899584;10;11
699;24899584;6;9
700;24899584;4;10
701;24899584;3;10
702;24899584;5;11
703;24899584;5;14
704;24899584;5;16
705;24899584;6;17
706;24899584;4;16
707;24899584;5;17
708;24899584;5;14
709;24899584;6;17
710;24899584;4;13
711;24899584;4;13
712;24899584;4;15
713;24899584;4;18
714;24899584;4;16
715;24899584;5;18
716;24899584;5;19
717;24899584;5;20
718;24899584;2;16
719;24899584;3;15
720;24899584;3;12
721;24899584;2;11
722;24899584;3;12
723;24899584;2;10
724;24899584;4;12
725;24899584;4;13
726;24899584;1;8
727;24899584;1;5
728;24899584;1;4
729;24899584;1;4
730;24899584;2;5
731;24899584;3;5
732;24899584;3;3
733;24899584;1;2
734;24899584;1;2
735;24899584;1;2
736;24899584;2;3
737;24899584;2;4
738;24899584;1;5
739;24899584;1;5
740;24899584;2;6
741;24899584;1;3
742;24899584;1;3
743;24899584;1;3
744;24899584;1;1
745;24899584;2;2
746;24899584;1;1
747;24899584;1;1
748;24899584;0;0
749;24899584;0;0
750;24899584;0;0
751;24899584;0;0
752;24899584;0;0
753;24899584;0;0
754;24899584;0;0
755;24899584;0;0
756;24899584;0;0
757;24899584;0;0
758;24899584;0;0
759;24899584;0;0
760;24899584;0;0
761;24899584;0;0
762;24899584;0;0
763;24899584;0;0
764;24899584;0;0
765;24899584;0;0
766;24899584;0;0
767;24899584;0;0
768;24899584;0;0
769;24899584;0;0
770;24899584;0;0
771;24899584;0;0
772;24899584;0;0
773;24899584;0;0
774;24899584;1;1
775;24899584;0;0
776;24899584;0;0
777;24899584;0;0
778;24899584;0;0
779;24899584;0;0
780;24899584;0;0
781;24899584;0;0
782;24899584;0;0
783;24899584;0;0
784;24899584;0;0
785;24899584;1;1
786;24899584;1;1
787;24899584;1;1
788;24899584;0;0
789;24899584;0;0
790;24899584;0;0
791;24899584;0;0
792;24899584;0;0
793;24899584;0;0
794;24899584;0;0
795;24899584;0;0
796;24899584;0;0
797;24899584;0;0
798;24899584;0;0
799;24899584;0;0
800;24899584;0;0
801;24899584;1;1
802;24899584;1;1
803;24899584;0;0
804;24899584;0;0
805;24899584;0;0
806;24899584;0;0
807;24899584;1;1
808;24899584;1;1
809;24899584;1;1
810;24899584;0;0
811;24899584;0;0
812;24899584;0;0
813;24899584;0;0
814;24899584;1;1
815;24899584;1;1
816;24899584;1;1
817;24899584;1;1
818;24899584;1;1
819;24899584;1;1
820;24899584;0;0
821;24899584;0;0
822;24899584;0;0
823;24899584;0;0
824;24899584;0;0
825;24899584;0;0
826;24899584;0;0
827;24899584;0;0
828;24899584;0;0
829;24899584;0;0
830;24899584;0;0
831;24899584;0;0
832;24899584;0;0
833;24899584;0;0
834;24899584;0;0
835;24899584;0;0
836;24899584;0;0
837;24899584;0;0
838;24899584;0;0
839;24899584;0;0
840;24899584;0;0
841;24899584;0;0
842;24899584;0;0
843;24899584;0;0
844;24899584;0;0
845;24899584;0;0
846;24899584;0;0
847;24899584;0;0
848;24899584;0;0
849;24899584;0;0
850;24899584;0;0
851;24899584;0;0
852;24899584;0;0
853;24899584;0;0
854;24899584;0;0
855;24899584;0;0
856;24899584;0;0
857;24899584;0;0
858;24899584;0;0
859;24899584;0;0
860;24899584;0;0
861;24899584;0;0
862;24899584;0;0
863;24899584;0;0
864;24899584;0;0
865;24899584;0;0
866;24899584;0;0
867;24899584;0;0
