Timestamp;Memory;Disks;Flocks
0;1912832;25;25
1;2048000;21;27
2;2101248;21;31
3;2355200;36;68
4;2453504;48;93
5;2568192;48;114
6;2932736;43;168
7;4194304;71;270
8;4849664;74;362
9;4870144;79;405
10;5947392;93;487
11;5971968;85;532
12;6823936;83;588
13;7622656;79;571
14;7671808;85;689
15;8073216;95;852
16;8716288;88;904
17;8863744;92;987
18;10162176;111;1151
19;10534912;108;1174
20;10571776;99;1096
21;11677696;101;1164
22;12095488;110;1144
23;13099008;126;1155
24;13373440;118;1160
25;14372864;106;1114
26;14372864;101;991
27;14372864;101;959
28;14372864;77;812
29;14372864;113;865
30;14372864;115;888
31;14487552;130;975
32;15437824;116;894
33;15437824;133;874
34;15556608;128;814
35;16261120;149;856
36;16265216;151;815
37;16265216;168;880
38;16265216;145;845
39;16265216;155;848
40;16265216;145;865
41;16265216;136;948
42;16347136;136;970
43;16351232;160;973
44;16351232;173;1000
45;16355328;162;905
46;16355328;152;947
47;16359424;168;931
48;16359424;182;922
49;16359424;176;917
50;16363520;174;878
51;16363520;170;886
52;16363520;147;922
53;16367616;183;1055
54;16371712;190;1077
55;16371712;180;972
56;16375808;192;915
57;16375808;158;913
58;16375808;143;863
59;16375808;150;826
60;16375808;161;817
61;16379904;150;857
62;16379904;142;779
63;16379904;139;812
64;16379904;121;832
65;16384000;140;911
66;16478208;135;987
67;16760832;131;978
68;16773120;134;962
69;16777216;151;977
70;17190912;133;989
71;17190912;152;1040
72;17190912;144;995
73;17436672;149;1011
74;17440768;143;990
75;17440768;147;971
76;17440768;178;1041
77;17444864;176;994
78;17444864;149;957
79;17444864;152;993
80;18497536;158;1126
81;18497536;160;1081
82;18501632;167;1132
83;18501632;145;1127
84;18505728;144;1046
85;18505728;138;965
86;18505728;138;918
87;18509824;141;901
88;18509824;142;942
89;18509824;138;922
90;18513920;145;921
91;18513920;149;920
92;18702336;163;988
93;19566592;145;944
94;19566592;147;964
95;19570688;121;902
96;19570688;116;846
97;19570688;115;846
98;19574784;119;863
99;19730432;115;782
100;19730432;126;777
101;19734528;118;779
102;19734528;121;747
103;19734528;119;742
104;19738624;136;810
105;19738624;136;751
106;19738624;136;721
107;19738624;127;677
108;19742720;97;641
109;19742720;128;680
110;19742720;118;652
111;19746816;131;663
112;19746816;112;639
113;19746816;152;717
114;19750912;141;734
115;19750912;121;744
116;19750912;137;776
117;19755008;150;778
118;19755008;134;783
119;19755008;158;759
120;19755008;129;745
121;19902464;141;779
122;20512768;135;778
123;20512768;126;748
124;20512768;130;767
125;20516864;147;751
126;20516864;139;747
127;20516864;142;744
128;20516864;145;739
129;20619264;140;743
130;20619264;133;698
131;20619264;151;737
132;20762624;142;780
133;20762624;140;809
134;20815872;155;771
135;20815872;149;793
136;20815872;146;755
137;20815872;138;777
138;20815872;140;739
139;20815872;118;713
140;20815872;123;756
141;20819968;137;786
142;20819968;128;775
143;20897792;111;706
144;21045248;112;667
145;21643264;122;686
146;21643264;116;716
147;21647360;126;684
148;21647360;127;690
149;21647360;134;710
150;21647360;135;679
151;21647360;125;655
152;21647360;120;704
153;21647360;116;728
154;21790720;121;721
155;21794816;131;743
156;21794816;118;625
157;21868544;96;599
158;21876736;94;665
159;21876736;108;701
160;21876736;110;600
161;21876736;90;570
162;21880832;110;599
163;21880832;91;616
164;21880832;109;648
165;21880832;117;673
166;21880832;118;664
167;21880832;105;661
168;21880832;96;601
169;21884928;86;631
170;21884928;90;617
171;22106112;91;639
172;22106112;81;588
173;22106112;108;647
174;22106112;108;624
175;22110208;114;660
176;22110208;106;665
177;22110208;98;730
178;22110208;107;810
179;22114304;108;791
180;22114304;94;777
181;22319104;104;707
182;23162880;106;767
183;23162880;103;751
184;23166976;99;748
185;23166976;114;795
186;23166976;106;701
187;23166976;101;657
188;23166976;106;668
189;23166976;115;682
190;23166976;92;643
191;23166976;98;653
192;23166976;101;671
193;23166976;84;692
194;23171072;91;697
195;23171072;92;677
196;23171072;77;690
197;23171072;99;757
198;23171072;100;760
199;23171072;100;708
200;23175168;99;765
201;23175168;102;759
202;23175168;88;664
203;23175168;86;642
204;23175168;87;587
205;23175168;84;658
206;23179264;90;602
207;23179264;103;656
208;23179264;94;628
209;23179264;101;643
210;23179264;111;664
211;23179264;96;577
212;23179264;89;532
213;23179264;93;577
214;23183360;81;598
215;23183360;92;640
216;23183360;82;583
217;23183360;100;620
218;23183360;78;503
219;23183360;78;494
220;23187456;85;491
221;23187456;80;465
222;23187456;76;409
223;23187456;68;409
224;23187456;68;389
225;23187456;68;438
226;23187456;73;423
227;23670784;79;401
228;23670784;69;417
229;23670784;78;482
230;23674880;72;422
231;23674880;75;453
232;23674880;81;472
233;23674880;74;474
234;23674880;82;464
235;23674880;80;478
236;23674880;81;474
237;23674880;74;445
238;23678976;83;442
239;23678976;68;414
240;23678976;75;430
241;23678976;75;422
242;23678976;85;462
243;23678976;81;433
244;23678976;75;435
245;23678976;74;464
246;23678976;69;471
247;23678976;79;489
248;23683072;72;473
249;23683072;70;438
250;23683072;69;447
251;23683072;60;435
252;23687168;65;456
253;23687168;77;417
254;23687168;76;400
255;23687168;78;403
256;23687168;69;380
257;23687168;62;334
258;23691264;60;371
259;23691264;66;421
260;23691264;64;402
261;23691264;59;379
262;23691264;72;391
263;23691264;64;387
264;23691264;64;369
265;23695360;61;361
266;23695360;60;349
267;23695360;70;402
268;23695360;65;333
269;23695360;58;336
270;23695360;52;346
271;23695360;59;346
272;23695360;69;367
273;23699456;65;399
274;23699456;59;342
275;23699456;71;372
276;23699456;61;358
277;23699456;60;349
278;23699456;69;347
279;23699456;63;343
280;23699456;72;337
281;23699456;65;343
282;23699456;68;356
283;23703552;65;370
284;23703552;70;388
285;23703552;64;333
286;23703552;72;357
287;23703552;75;342
288;23703552;71;358
289;23703552;54;337
290;23703552;66;349
291;23707648;62;361
292;23707648;63;355
293;23707648;64;370
294;23707648;57;359
295;23707648;63;369
296;23707648;60;357
297;23707648;53;404
298;23707648;65;411
299;23711744;54;377
300;23810048;62;414
301;23810048;55;403
302;23810048;66;450
303;23810048;54;420
304;23810048;64;437
305;23810048;72;417
306;23814144;55;356
307;23814144;66;404
308;23814144;64;429
309;23814144;62;413
310;23814144;53;405
311;23814144;53;415
312;23814144;49;382
313;24027136;52;428
314;24154112;40;426
315;24502272;51;525
316;24588288;59;512
317;24588288;55;462
318;24588288;47;426
319;24588288;57;488
320;24588288;46;421
321;24592384;49;403
322;24592384;53;375
323;24592384;54;411
324;24694784;45;367
325;24694784;41;335
326;24698880;43;325
327;24698880;40;304
328;24698880;41;296
329;24698880;44;255
330;24698880;39;258
331;24698880;43;278
332;24698880;38;264
333;24698880;35;256
334;24698880;38;263
335;24702976;38;274
336;24702976;40;275
337;24702976;43;291
338;24702976;40;272
339;24702976;46;282
340;24702976;49;325
341;24702976;56;367
342;24702976;55;340
343;24702976;66;353
344;24702976;42;297
345;25014272;43;263
346;25014272;41;267
347;25014272;50;295
348;25014272;46;271
349;25014272;40;256
350;25014272;37;244
351;25014272;42;260
352;25014272;36;302
353;25014272;35;256
354;25014272;34;250
355;25014272;35;308
356;25231360;47;371
357;25235456;40;315
358;25235456;42;331
359;25235456;36;270
360;25235456;37;280
361;25235456;43;316
362;25235456;39;276
363;25235456;27;271
364;25235456;30;261
365;25235456;37;265
366;25235456;38;229
367;25235456;34;207
368;25235456;29;206
369;25235456;31;232
370;25239552;35;234
371;25239552;40;217
372;25239552;52;241
373;25239552;39;227
374;25239552;39;228
375;25239552;39;249
376;25239552;40;292
377;25239552;38;254
378;25325568;42;266
379;25325568;42;314
380;25325568;42;331
381;25325568;50;312
382;25325568;47;336
383;25468928;41;328
384;25468928;43;290
385;25468928;43;297
386;25468928;32;293
387;25468928;35;290
388;25468928;52;298
389;25468928;50;284
390;25468928;55;331
391;25468928;47;304
392;25468928;45;317
393;25575424;50;310
394;25579520;40;263
395;25579520;46;263
396;25579520;45;249
397;25579520;32;215
398;25579520;38;217
399;25579520;36;219
400;25579520;31;236
401;25579520;34;218
402;25579520;39;235
403;25579520;38;234
404;25579520;37;231
405;25579520;39;219
406;25583616;40;255
407;25583616;42;256
408;25583616;36;228
409;25583616;27;207
410;25583616;36;231
411;25583616;32;217
412;25583616;35;218
413;25583616;28;223
414;25583616;33;205
415;25583616;40;228
416;25583616;31;188
417;25583616;36;165
418;25587712;33;179
419;25587712;26;161
420;25587712;35;182
421;25587712;31;209
422;25587712;39;193
423;25587712;36;217
424;25587712;35;195
425;25587712;30;206
426;25587712;39;225
427;25587712;41;224
428;25587712;29;202
429;25587712;29;208
430;25591808;29;212
431;25591808;28;198
432;25591808;34;212
433;25591808;35;229
434;25591808;27;212
435;25591808;31;214
436;25591808;30;214
437;25591808;32;218
438;25591808;34;219
439;25591808;32;206
440;25591808;32;227
441;25591808;33;233
442;25591808;32;209
443;25591808;33;212
444;25608192;31;234
445;25636864;33;235
446;25636864;33;220
447;25661440;22;188
448;25661440;29;202
449;25661440;28;206
450;25661440;24;192
451;25665536;24;179
452;25665536;25;180
453;25665536;20;154
454;25665536;28;187
455;25665536;27;192
456;25669632;33;210
457;25669632;25;180
458;25669632;31;190
459;25669632;35;192
460;25669632;30;187
461;25669632;26;175
462;25669632;33;175
463;25669632;31;184
464;25669632;27;184
465;25669632;30;173
466;25669632;27;151
467;25669632;27;148
468;25669632;28;151
469;25669632;30;155
470;25669632;34;142
471;25669632;28;135
472;25669632;35;148
473;25669632;27;145
474;25669632;29;152
475;25669632;22;157
476;25673728;29;168
477;25673728;35;175
478;25673728;31;188
479;25673728;31;183
480;25673728;30;188
481;25673728;33;197
482;25673728;26;194
483;25673728;29;196
484;25673728;27;174
485;25673728;35;178
486;25673728;27;182
487;25673728;34;186
488;25690112;32;189
489;25690112;34;172
490;25694208;25;163
491;25739264;35;186
492;25739264;36;155
493;25739264;25;148
494;25739264;28;166
495;25739264;34;177
496;25739264;32;189
497;25739264;32;187
498;25739264;35;188
499;25739264;27;156
500;25739264;27;152
501;25739264;21;121
502;25739264;23;146
503;25739264;21;159
504;25739264;19;180
505;25772032;19;207
506;25772032;22;204
507;25772032;16;165
508;25772032;18;146
509;25772032;21;167
510;25772032;25;155
511;25772032;21;154
512;25772032;22;158
513;25776128;21;136
514;25776128;21;133
515;25776128;21;134
516;25776128;22;122
517;25776128;23;145
518;25776128;20;150
519;25776128;25;150
520;25776128;23;130
521;25776128;17;137
522;25784320;25;146
523;25784320;27;140
524;25788416;28;148
525;25792512;20;151
526;25792512;18;140
527;25796608;16;131
528;25800704;21;153
529;25812992;21;146
530;25858048;21;153
531;25899008;22;162
532;25903104;21;148
533;25903104;18;141
534;25903104;15;130
535;25903104;22;135
536;25903104;20;128
537;25903104;21;131
538;25903104;24;135
539;25903104;25;131
540;25903104;22;117
541;25903104;27;134
542;25903104;27;140
543;25903104;19;123
544;25903104;19;116
545;25903104;13;102
546;25903104;11;93
547;25903104;15;92
548;25903104;13;91
549;25903104;14;90
550;25903104;16;90
551;25903104;19;103
552;25903104;20;94
553;25903104;17;92
554;25903104;17;92
555;25903104;19;93
556;25903104;17;86
557;25903104;17;85
558;25903104;17;86
559;25903104;18;78
560;25903104;21;91
561;25907200;16;86
562;25907200;19;84
563;25907200;22;109
564;25907200;16;110
565;25907200;15;121
566;25907200;14;118
567;25907200;21;106
568;25907200;26;101
569;25919488;18;96
570;25931776;22;87
571;25935872;23;89
572;25935872;24;95
573;25939968;18;87
574;25939968;19;86
575;25948160;17;84
576;25948160;19;81
577;25952256;23;84
578;25952256;18;71
579;25956352;16;75
580;25956352;17;71
581;25956352;19;78
582;25956352;16;69
583;25956352;17;73
584;25956352;13;76
585;25956352;22;62
586;25956352;18;62
587;25956352;13;63
588;25960448;12;67
589;25968640;12;68
590;25980928;13;79
591;25985024;14;80
592;25993216;11;82
593;25993216;15;87
594;25993216;12;82
595;25993216;13;88
596;25993216;12;82
597;25993216;15;91
598;25993216;17;100
599;25993216;16;78
600;25993216;16;79
601;25997312;11;68
602;26001408;15;78
603;26001408;16;84
604;26001408;14;76
605;26001408;12;77
606;26009600;11;75
607;26013696;9;63
608;26021888;9;57
609;26021888;14;58
610;26030080;16;63
611;26030080;14;64
612;26038272;14;59
613;26038272;13;55
614;26038272;10;59
615;26038272;14;57
616;26038272;9;55
617;26042368;10;67
618;26042368;12;66
619;26042368;15;58
620;26042368;13;55
621;26042368;11;56
622;26042368;12;58
623;26042368;11;63
624;26042368;12;61
625;26042368;13;60
626;26042368;15;61
627;26042368;18;59
628;26042368;16;63
629;26042368;12;48
630;26042368;12;46
631;26046464;14;50
632;26046464;9;45
633;26046464;12;48
634;26046464;11;44
635;26046464;13;41
636;26046464;10;35
637;26046464;8;34
638;26046464;11;37
639;26046464;11;36
640;26046464;10;26
641;26046464;14;28
642;26046464;8;32
643;26046464;11;30
644;26046464;8;30
645;26046464;9;32
646;26046464;7;30
647;26046464;9;31
648;26050560;9;27
649;26058752;9;28
650;26058752;11;27
651;26062848;10;25
652;26066944;11;21
653;26075136;11;25
654;26075136;11;25
655;26079232;8;25
656;26079232;11;25
657;26079232;8;28
658;26079232;10;23
659;26079232;5;19
660;26079232;5;17
661;26079232;4;18
662;26079232;6;18
663;26079232;4;12
664;26079232;7;16
665;26079232;8;18
666;26079232;6;14
667;26079232;7;13
668;26079232;8;14
669;26079232;9;13
670;26079232;11;16
671;26079232;8;18
672;26079232;4;14
673;26079232;6;18
674;26079232;6;18
675;26079232;8;24
676;26079232;5;24
677;26079232;6;21
678;26079232;5;20
679;26079232;5;21
680;26079232;9;21
681;26079232;6;24
682;26079232;7;22
683;26079232;7;17
684;26079232;5;18
685;26079232;7;20
686;26079232;7;23
687;26079232;6;21
688;26079232;7;22
689;26079232;7;25
690;26079232;7;21
691;26079232;6;18
692;26079232;6;17
693;26079232;8;15
694;26079232;8;12
695;26079232;8;11
696;26079232;8;11
697;26079232;6;12
698;26079232;10;11
699;26079232;6;9
700;26079232;4;10
701;26079232;3;10
702;26079232;5;11
703;26079232;5;14
704;26079232;5;16
705;26079232;4;15
706;26079232;4;15
707;26079232;5;16
708;26079232;5;13
709;26079232;5;13
710;26079232;3;11
711;26079232;3;11
712;26079232;3;11
713;26079232;3;12
714;26079232;2;10
715;26079232;3;12
716;26079232;3;13
717;26079232;3;14
718;26079232;1;12
719;26079232;2;11
720;26079232;1;8
721;26079232;1;8
722;26079232;2;9
723;26079232;2;8
724;26083328;2;8
725;26083328;2;8
726;26083328;1;6
727;26083328;1;4
728;26083328;1;4
729;26083328;1;4
730;26083328;1;4
731;26083328;1;3
732;26083328;1;1
733;26083328;1;2
734;26083328;1;2
735;26083328;1;2
736;26083328;2;3
737;26083328;2;4
738;26083328;1;5
739;26083328;1;5
740;26083328;2;5
741;26083328;1;3
742;26083328;1;3
743;26083328;1;1
744;26083328;1;1
745;26083328;1;1
746;26083328;0;0
747;26083328;0;0
748;26083328;0;0
749;26083328;0;0
750;26083328;0;0
751;26083328;0;0
752;26083328;0;0
753;26083328;0;0
754;26083328;0;0
755;26083328;0;0
756;26083328;0;0
757;26083328;0;0
758;26083328;0;0
759;26083328;0;0
760;26083328;0;0
761;26083328;0;0
762;26083328;0;0
763;26083328;0;0
764;26083328;0;0
765;26083328;0;0
766;26083328;0;0
767;26083328;0;0
768;26083328;0;0
769;26083328;0;0
770;26083328;0;0
771;26083328;0;0
772;26083328;0;0
773;26083328;0;0
774;26083328;0;0
775;26083328;0;0
776;26083328;0;0
777;26083328;0;0
778;26083328;0;0
779;26083328;0;0
780;26083328;0;0
781;26083328;0;0
782;26083328;0;0
783;26083328;0;0
784;26083328;0;0
785;26083328;0;0
786;26083328;0;0
787;26083328;0;0
788;26083328;0;0
789;26083328;0;0
790;26083328;0;0
791;26083328;0;0
792;26083328;0;0
793;26083328;0;0
794;26083328;0;0
795;26083328;0;0
796;26083328;0;0
797;26083328;0;0
798;26083328;0;0
799;26083328;0;0
800;26083328;0;0
801;26083328;0;0
802;26083328;0;0
803;26083328;0;0
804;26083328;0;0
805;26083328;0;0
806;26083328;0;0
807;26083328;0;0
808;26083328;0;0
809;26083328;0;0
810;26083328;0;0
811;26083328;0;0
812;26083328;0;0
813;26083328;0;0
814;26083328;0;0
815;26083328;0;0
816;26083328;0;0
817;26083328;0;0
818;26083328;0;0
819;26083328;0;0
820;26083328;0;0
821;26083328;0;0
822;26083328;0;0
823;26083328;0;0
824;26083328;0;0
825;26083328;0;0
826;26083328;0;0
827;26083328;0;0
828;26083328;0;0
829;26083328;0;0
830;26083328;0;0
831;26083328;0;0
832;26083328;0;0
833;26083328;0;0
834;26083328;0;0
835;26083328;0;0
836;26083328;0;0
837;26083328;0;0
838;26083328;0;0
839;26083328;0;0
840;26083328;0;0
841;26083328;0;0
842;26083328;0;0
843;26083328;0;0
844;26083328;0;0
845;26083328;0;0
846;26083328;0;0
847;26083328;0;0
848;26083328;0;0
849;26083328;0;0
850;26083328;0;0
851;26083328;0;0
852;26083328;0;0
853;26083328;0;0
854;26083328;0;0
855;26083328;0;0
856;26083328;0;0
857;26083328;0;0
858;26083328;0;0
859;26083328;0;0
860;26083328;0;0
861;26083328;0;0
862;26083328;0;0
863;26083328;0;0
864;26083328;0;0
865;26083328;0;0
866;26083328;0;0
867;26083328;0;0
