Number Flocks;Length;Grid;Time;Flocks
4;4;0.8;26;14720
4;4;0.9;29;18452
4;4;1;42;22685
4;4;1.1;54;27189
4;4;1.2;62;30749
4;4;1.3;76;33842
4;4;1.4;93;37660
4;4;1.5;113;41624
4;6;0.8;27;10205
4;6;0.9;32;12906
4;6;1;47;16254
4;6;1.1;61;20356
4;6;1.2;73;23925
4;6;1.3;87;26951
4;6;1.4;111;30917
4;6;1.5;141;35218
4;8;0.8;28;7620
4;8;0.9;32;9699
4;8;1;48;12189
4;8;1.1;64;15574
4;8;1.2;78;18547
4;8;1.3;94;20952
4;8;1.4;121;24479
4;8;1.5;156;28739
4;10;0.8;29;5954
4;10;0.9;34;7525
4;10;1;50;9481
4;10;1.1;67;12133
4;10;1.2;84;14935
4;10;1.3;101;16718
4;10;1.4;130;19295
4;10;1.5;172;23133
4;12;0.8;30;4601
4;12;0.9;34;5842
4;12;1;51;7596
4;12;1.1;69;9794
4;12;1.2;88;12204
4;12;1.3;107;13725
4;12;1.4;136;15413
4;12;1.5;181;18485
4;14;0.8;30;3408
4;14;0.9;35;4293
4;14;1;53;5892
4;14;1.1;71;7850
4;14;1.2;91;9859
4;14;1.3;112;11372
4;14;1.4;141;12465
4;14;1.5;190;14901
4;16;0.8;30;2464
4;16;0.9;36;3091
4;16;1;54;4323
4;16;1.1;73;5975
4;16;1.2;92;7683
4;16;1.3;110;9291
4;16;1.4;143;10076
4;16;1.5;193;12102
4;18;0.8;30;1802
4;18;0.9;36;2189
4;18;1;52;3045
4;18;1.1;70;4264
4;18;1.2;92;5823
4;18;1.3;113;7364
4;18;1.4;145;7963
4;18;1.5;196;9691
4;20;0.8;29;1363
4;20;0.9;35;1558
4;20;1;53;2115
4;20;1.1;72;2992
4;20;1.2;92;4309
4;20;1.3;114;5727
4;20;1.4;146;6260
4;20;1.5;198;7637
6;4;0.8;20;7147
6;4;0.9;21;9120
6;4;1;34;11554
6;4;1.1;44;14751
6;4;1.2;50;17309
6;4;1.3;62;19924
6;4;1.4;74;23785
6;4;1.5;95;27863
6;6;0.8;21;4883
6;6;0.9;24;6284
6;6;1;36;7831
6;6;1.1;47;10307
6;6;1.2;56;12275
6;6;1.3;70;13782
6;6;1.4;84;16923
6;6;1.5;109;20372
6;8;0.8;21;3489
6;8;0.9;24;4565
6;8;1;36;5775
6;8;1.1;49;7660
6;8;1.2;57;9179
6;8;1.3;73;10163
6;8;1.4;88;11903
6;8;1.5;118;14848
6;10;0.8;21;2519
6;10;0.9;25;3321
6;10;1;37;4222
6;10;1.1;50;5860
6;10;1.2;61;7222
6;10;1.3;77;7992
6;10;1.4;94;8778
6;10;1.5;125;10825
6;12;0.8;22;1799
6;12;0.9;24;2322
6;12;1;38;3068
6;12;1.1;51;4359
6;12;1.2;63;5594
6;12;1.3;78;6419
6;12;1.4;96;6811
6;12;1.5;132;8195
6;14;0.8;21;1178
6;14;0.9;25;1511
6;14;1;38;2089
6;14;1.1;53;3029
6;14;1.2;65;4151
6;14;1.3;81;4945
6;14;1.4;100;5188
6;14;1.5;135;6298
6;16;0.8;22;832
6;16;0.9;24;939
6;16;1;39;1263
6;16;1.1;53;1934
6;16;1.2;67;2884
6;16;1.3;80;3693
6;16;1.4;101;3891
6;16;1.5;135;4728
6;18;0.8;21;630
6;18;0.9;25;612
6;18;1;36;761
6;18;1.1;54;1147
6;18;1.2;64;1797
6;18;1.3;80;2571
6;18;1.4;99;2710
6;18;1.5;136;3379
6;20;0.8;22;561
6;20;0.9;24;471
6;20;1;39;515
6;20;1.1;51;722
6;20;1.2;66;1073
6;20;1.3;80;1671
6;20;1.4;100;1865
6;20;1.5;140;2349
8;4;0.8;13;4299
8;4;0.9;15;5382
8;4;1;22;6761
8;4;1.1;28;8949
8;4;1.2;32;10286
8;4;1.3;42;11905
8;4;1.4;48;14481
8;4;1.5;62;17698
8;6;0.8;14;2737
8;6;0.9;14;3488
8;6;1;23;4487
8;6;1.1;31;6061
8;6;1.2;35;7335
8;6;1.3;45;8056
8;6;1.4;52;9420
8;6;1.5;71;11900
8;8;0.8;14;1933
8;8;0.9;15;2419
8;8;1;23;3057
8;8;1.1;31;4242
8;8;1.2;37;5366
8;8;1.3;46;5968
8;8;1.4;54;6550
8;8;1.5;73;8068
8;10;0.8;14;1367
8;10;0.9;15;1666
8;10;1;24;2114
8;10;1.1;32;2987
8;10;1.2;39;3976
8;10;1.3;48;4526
8;10;1.4;57;4804
8;10;1.5;77;5768
8;12;0.8;14;979
8;12;0.9;16;1134
8;12;1;24;1424
8;12;1.1;33;2025
8;12;1.2;40;2899
8;12;1.3;50;3418
8;12;1.4;57;3524
8;12;1.5;77;4208
8;14;0.8;14;679
8;14;0.9;15;720
8;14;1;24;892
8;14;1.1;32;1270
8;14;1.2;39;1915
8;14;1.3;49;2472
8;14;1.4;57;2531
8;14;1.5;80;3120
8;16;0.8;14;505
8;16;0.9;15;482
8;16;1;24;554
8;16;1.1;33;729
8;16;1.2;40;1074
8;16;1.3;50;1659
8;16;1.4;58;1710
8;16;1.5;79;2172
8;18;0.8;14;445
8;18;0.9;15;364
8;18;1;24;363
8;18;1.1;33;403
8;18;1.2;40;568
8;18;1.3;49;998
8;18;1.4;59;1119
8;18;1.5;80;1437
8;20;0.8;14;434
8;20;0.9;15;350
8;20;1;24;300
8;20;1.1;33;273
8;20;1.2;39;346
8;20;1.3;49;581
8;20;1.4;60;689
8;20;1.5;79;880
10;4;0.8;10;2651
10;4;0.9;11;3353
10;4;1;17;4311
10;4;1.1;21;5724
10;4;1.2;23;6691
10;4;1.3;31;7487
10;4;1.4;34;8968
10;4;1.5;43;11200
10;6;0.8;10;1696
10;6;0.9;11;2110
10;6;1;17;2692
10;6;1.1;23;3642
10;6;1.2;25;4608
10;6;1.3;33;5105
10;6;1.4;36;5722
10;6;1.5;48;7007
10;8;0.8;10;1158
10;8;0.9;11;1473
10;8;1;17;1830
10;8;1.1;23;2516
10;8;1.2;25;3279
10;8;1.3;33;3643
10;8;1.4;37;3862
10;8;1.5;49;4665
10;10;0.8;11;850
10;10;0.9;11;1006
10;10;1;17;1206
10;10;1.1;24;1661
10;10;1.2;27;2401
10;10;1.3;35;2743
10;10;1.4;39;2783
10;10;1.5;51;3228
10;12;0.8;11;635
10;12;0.9;11;702
10;12;1;18;805
10;12;1.1;24;1048
10;12;1.2;28;1627
10;12;1.3;35;1972
10;12;1.4;39;2006
10;12;1.5;52;2388
10;14;0.8;11;452
10;14;0.9;11;488
10;14;1;18;551
10;14;1.1;24;686
10;14;1.2;28;1009
10;14;1.3;34;1298
10;14;1.4;39;1297
10;14;1.5;53;1605
10;16;0.8;11;364
10;16;0.9;11;357
10;16;1;18;360
10;16;1.1;23;428
10;16;1.2;28;525
10;16;1.3;35;788
10;16;1.4;39;880
10;16;1.5;54;1038
10;18;0.8;11;336
10;18;0.9;11;323
10;18;1;17;276
10;18;1.1;24;269
10;18;1.2;28;306
10;18;1.3;34;413
10;18;1.4;38;544
10;18;1.5;52;638
10;20;0.8;11;322
10;20;0.9;11;310
10;20;1;18;259
10;20;1.1;24;207
10;20;1.2;27;236
10;20;1.3;35;248
10;20;1.4;39;332
10;20;1.5;52;379
12;4;0.8;9;1627
12;4;0.9;9;2042
12;4;1;14;2711
12;4;1.1;19;3664
12;4;1.2;19;4386
12;4;1.3;26;5000
12;4;1.4;27;5714
12;4;1.5;34;7061
12;6;0.8;9;1046
12;6;0.9;10;1305
12;6;1;14;1682
12;6;1.1;20;2281
12;6;1.2;20;2969
12;6;1.3;26;3247
12;6;1.4;29;3474
12;6;1.5;38;4165
12;8;0.8;9;740
12;8;0.9;9;881
12;8;1;15;1095
12;8;1.1;19;1514
12;8;1.2;21;2166
12;8;1.3;28;2326
12;8;1.4;28;2387
12;8;1.5;37;2780
12;10;0.8;10;536
12;10;0.9;9;600
12;10;1;15;735
12;10;1.1;20;993
12;10;1.2;22;1506
12;10;1.3;28;1690
12;10;1.4;30;1722
12;10;1.5;39;1965
12;12;0.8;10;427
12;12;0.9;10;424
12;12;1;15;545
12;12;1.1;19;656
12;12;1.2;23;1047
12;12;1.3;28;1143
12;12;1.4;28;1196
12;12;1.5;38;1367
12;14;0.8;10;292
12;14;0.9;10;299
12;14;1;15;392
12;14;1.1;21;457
12;14;1.2;23;600
12;14;1.3;29;679
12;14;1.4;31;779
12;14;1.5;40;926
12;16;0.8;9;227
12;16;0.9;10;218
12;16;1;15;261
12;16;1.1;20;297
12;16;1.2;23;333
12;16;1.3;30;372
12;16;1.4;30;515
12;16;1.5;39;614
12;18;0.8;10;190
12;18;0.9;10;204
12;18;1;15;217
12;18;1.1;20;210
12;18;1.2;23;216
12;18;1.3;29;238
12;18;1.4;30;297
12;18;1.5;40;364
12;20;0.8;10;145
12;20;0.9;10;184
12;20;1;16;195
12;20;1.1;21;174
12;20;1.2;23;178
12;20;1.3;29;187
12;20;1.4;29;208
12;20;1.5;40;231
14;4;0.8;8;979
14;4;0.9;8;1222
14;4;1;11;1571
14;4;1.1;16;2264
14;4;1.2;16;2881
14;4;1.3;21;3233
14;4;1.4;22;3718
14;4;1.5;27;4490
14;6;0.8;8;680
14;6;0.9;9;785
14;6;1;12;1002
14;6;1.1;16;1402
14;6;1.2;17;2001
14;6;1.3;22;2070
14;6;1.4;23;2237
14;6;1.5;28;2607
14;8;0.8;8;482
14;8;0.9;8;562
14;8;1;12;678
14;8;1.1;16;922
14;8;1.2;18;1389
14;8;1.3;22;1476
14;8;1.4;23;1530
14;8;1.5;29;1771
14;10;0.8;9;339
14;10;0.9;9;380
14;10;1;12;469
14;10;1.1;16;616
14;10;1.2;18;1004
14;10;1.3;23;1031
14;10;1.4;23;1064
14;10;1.5;28;1201
14;12;0.8;8;273
14;12;0.9;8;255
14;12;1;13;333
14;12;1.1;17;394
14;12;1.2;18;687
14;12;1.3;23;669
14;12;1.4;23;746
14;12;1.5;29;866
14;14;0.8;9;155
14;14;0.9;8;182
14;14;1;13;244
14;14;1.1;16;279
14;14;1.2;19;360
14;14;1.3;23;379
14;14;1.4;23;463
14;14;1.5;29;577
14;16;0.8;8;116
14;16;0.9;8;128
14;16;1;12;152
14;16;1.1;16;179
14;16;1.2;19;206
14;16;1.3;23;219
14;16;1.4;23;268
14;16;1.5;29;348
14;18;0.8;8;96
14;18;0.9;8;106
14;18;1;12;115
14;18;1.1;16;136
14;18;1.2;19;132
14;18;1.3;23;141
14;18;1.4;23;160
14;18;1.5;29;199
14;20;0.8;8;86
14;20;0.9;8;91
14;20;1;13;87
14;20;1.1;15;105
14;20;1.2;18;104
14;20;1.3;22;106
14;20;1.4;22;112
14;20;1.5;28;131
16;4;0.8;7;690
16;4;0.9;7;772
16;4;1;10;1039
16;4;1.1;12;1426
16;4;1.2;13;1907
16;4;1.3;17;2008
16;4;1.4;17;2337
16;4;1.5;20;2791
16;6;0.8;7;504
16;6;0.9;7;541
16;6;1;10;656
16;6;1.1;13;899
16;6;1.2;14;1355
16;6;1.3;17;1344
16;6;1.4;18;1420
16;6;1.5;21;1606
16;8;0.8;7;350
16;8;0.9;7;385
16;8;1;10;492
16;8;1.1;13;597
16;8;1.2;14;936
16;8;1.3;18;938
16;8;1.4;17;995
16;8;1.5;21;1099
16;10;0.8;7;249
16;10;0.9;7;249
16;10;1;10;312
16;10;1.1;13;401
16;10;1.2;14;695
16;10;1.3;18;657
16;10;1.4;18;772
16;10;1.5;22;809
16;12;0.8;8;215
16;12;0.9;7;164
16;12;1;10;210
16;12;1.1;13;232
16;12;1.2;15;369
16;12;1.3;18;426
16;12;1.4;18;502
16;12;1.5;22;572
16;14;0.8;7;105
16;14;0.9;7;117
16;14;1;10;147
16;14;1.1;13;183
16;14;1.2;14;205
16;14;1.3;18;251
16;14;1.4;18;285
16;14;1.5;22;338
16;16;0.8;7;67
16;16;0.9;7;77
16;16;1;10;73
16;16;1.1;14;126
16;16;1.2;14;123
16;16;1.3;17;144
16;16;1.4;18;162
16;16;1.5;22;201
16;18;0.8;7;53
16;18;0.9;7;65
16;18;1;10;48
16;18;1.1;13;96
16;18;1.2;15;83
16;18;1.3;17;86
16;18;1.4;17;94
16;18;1.5;21;112
16;20;0.8;7;41
16;20;0.9;7;58
16;20;1;10;35
16;20;1.1;13;69
16;20;1.2;15;62
16;20;1.3;17;65
16;20;1.4;18;73
16;20;1.5;22;77
18;4;0.8;6;499
18;4;0.9;6;556
18;4;1;9;688
18;4;1.1;12;959
18;4;1.2;11;1286
18;4;1.3;14;1306
18;4;1.4;15;1450
18;4;1.5;17;1741
18;6;0.8;6;359
18;6;0.9;6;401
18;6;1;9;484
18;6;1.1;11;614
18;6;1.2;11;981
18;6;1.3;15;903
18;6;1.4;15;984
18;6;1.5;17;1052
18;8;0.8;6;251
18;8;0.9;6;273
18;8;1;9;349
18;8;1.1;11;441
18;8;1.2;12;697
18;8;1.3;15;628
18;8;1.4;15;735
18;8;1.5;18;774
18;10;0.8;6;167
18;10;0.9;6;172
18;10;1;9;207
18;10;1.1;12;281
18;10;1.2;12;482
18;10;1.3;15;435
18;10;1.4;15;542
18;10;1.5;18;555
18;12;0.8;6;144
18;12;0.9;6;124
18;12;1;9;147
18;12;1.1;11;160
18;12;1.2;12;213
18;12;1.3;15;274
18;12;1.4;15;336
18;12;1.5;18;346
18;14;0.8;6;46
18;14;0.9;6;78
18;14;1;9;103
18;14;1.1;12;127
18;14;1.2;12;147
18;14;1.3;15;140
18;14;1.4;15;185
18;14;1.5;18;215
18;16;0.8;6;13
18;16;0.9;6;40
18;16;1;9;47
18;16;1.1;11;81
18;16;1.2;12;84
18;16;1.3;15;76
18;16;1.4;15;99
18;16;1.5;17;113
18;18;0.8;6;6
18;18;0.9;6;28
18;18;1;9;30
18;18;1.1;12;44
18;18;1.2;12;53
18;18;1.3;15;53
18;18;1.4;15;58
18;18;1.5;18;65
18;20;0.8;6;1
18;20;0.9;6;11
18;20;1;9;24
18;20;1.1;12;27
18;20;1.2;13;42
18;20;1.3;15;39
18;20;1.4;15;41
18;20;1.5;18;44
20;4;0.8;5;370
20;4;0.9;6;410
20;4;1;8;500
20;4;1.1;10;663
20;4;1.2;10;924
20;4;1.3;13;897
20;4;1.4;12;970
20;4;1.5;15;1121
20;6;0.8;6;249
20;6;0.9;5;293
20;6;1;8;369
20;6;1.1;10;465
20;6;1.2;11;750
20;6;1.3;13;632
20;6;1.4;14;702
20;6;1.5;15;741
20;8;0.8;5;160
20;8;0.9;6;201
20;8;1;8;258
20;8;1.1;10;322
20;8;1.2;11;538
20;8;1.3;13;441
20;8;1.4;13;510
20;8;1.5;16;565
20;10;0.8;6;103
20;10;0.9;6;112
20;10;1;8;142
20;10;1.1;10;192
20;10;1.2;11;309
20;10;1.3;14;317
20;10;1.4;13;355
20;10;1.5;16;372
20;12;0.8;5;94
20;12;0.9;6;72
20;12;1;8;105
20;12;1.1;10;104
20;12;1.2;10;149
20;12;1.3;14;172
20;12;1.4;14;203
20;12;1.5;16;232
20;14;0.8;6;7
20;14;0.9;5;35
20;14;1;8;70
20;14;1.1;10;82
20;14;1.2;11;93
20;14;1.3;13;60
20;14;1.4;14;90
20;14;1.5;16;133
20;16;0.8;6;0
20;16;0.9;6;3
20;16;1;8;16
20;16;1.1;11;43
20;16;1.2;11;44
20;16;1.3;13;33
20;16;1.4;14;42
20;16;1.5;16;58
20;18;0.8;6;0
20;18;0.9;5;0
20;18;1;8;6
20;18;1.1;10;14
20;18;1.2;11;18
20;18;1.3;14;22
20;18;1.4;13;21
20;18;1.5;15;28
20;20;0.8;5;0
20;20;0.9;6;0
20;20;1;8;2
20;20;1.1;10;4
20;20;1.2;11;5
20;20;1.3;14;12
20;20;1.4;13;11
20;20;1.5;16;14
